loss,time_l
1.392985050475619,2010
1.2740692891805718,2020
1.214266426183595,2030
1.243949230986386,2040
1.2733988654739097,2050
1.3027458815527486,2060
1.2577003172950665,2070
1.212306558572101,2080
1.3162423102159466,2090
1.2265028745254738,2100
1.3161282426708727,2110
1.3157628166581898,2120
1.2854259575428422,2130
1.1803218765737526,2140
1.14998029657336,2150
1.284625719307969,2160
1.374336499322373,2170
1.3292844838684514,2180
1.298873415655257,2190
1.28360973261176,2200
1.2383662585736783,2210
1.2832008496848035,2220
1.3129909554122632,2230
1.1923592639104965,2240
1.3576117839365753,2250
1.2519137563186533,2260
1.2366620699489257,2270
1.1610719533736964,2280
1.2363432442215252,2290
1.2057174286487662,2300
1.2957059460378975,2310
1.340559908711448,2320
1.4304537322219926,2330
1.354490223081056,2340
1.3396469219994356,2350
1.2792844204007907,2360
1.1726224534988987,2370
1.3539183642110735,2380
1.3390170089902642,2390
1.3078950969890533,2400
1.352864575446631,2410
1.3679972657131492,2420
1.3219314591564435,2430
1.291510740204439,2440
1.2606859138519793,2450
1.2461077199953021,2460
1.3362075321971845,2470
1.5024131228540798,2480
1.3054924496200426,2490
1.5319964320599235,2500
1.2141612852039325,2510
1.3651056112761122,2520
1.2433727645413355,2530
1.7876400152488503,2540
1.364497658522738,2550
1.2274743477690613,2560
1.3341712961283585,2570
1.2730165476942075,2580
1.2567324508252378,2590
1.3175788596430655,2600
1.7411118915956798,2610
1.316728943439847,2620
1.2864118764801284,2630
1.9518283381804757,2640
1.86097312203889,2650
1.2543171976376213,2660
1.421221134303391,2670
1.9066674295845412,2680
1.2843279688552984,2690
1.130866172284533,2700
1.2066083969416632,2710
1.2832313615612125,2720
1.963971813289748,2730
1.9788526457777602,2740
1.1744909002555166,2750
1.249693063176521,2760
1.8589419127533504,2770
1.7527327604806542,2780
1.3720270103434857,2790
1.2957379072881443,2800
1.931914621512731,2810
1.3101529987251697,2820
1.9176214048766922,2830
1.3702927173637973,2840
1.9035772355854477,2850
1.93254573243518,2860
1.810880596461249,2870
1.7194591115272437,2880
1.7351039965887687,2890
1.733869930004397,2900
1.289900070055237,2910
1.2582056639147823,2920
1.149987096489498,2930
1.3650076170737697,2940
1.3041700133824452,2950
1.9434983865984166,2960
1.2248950325981962,2970
1.3009019211022976,2980
1.9561642156811672,2990
1.926697717713374,3000
1.2530570975552007,3010
1.790127525918166,3020
1.8833002707336786,3030
1.2500692533908844,3040
1.7430375163901077,3050
1.168816729639022,3060
1.6959198018721695,3070
1.7868764900238165,3080
1.1960544782687004,3090
2.0118983538119806,3100
1.9664048668133223,3110
1.8890279581620655,3120
1.893441449611438,3130
1.2867404491324876,3140
1.1576687008723945,3150
1.9588135074345556,3160
2.053958019255932,3170
1.2352636176049572,3180
1.9142584536381613,3190
2.0166444766831635,3200
1.2449355333178878,3210
1.9676608097648807,3220
2.0008117680819617,3230
1.908092600083259,3240
1.8049863432954112,3250
1.8680075517331391,3260
1.1691307479357418,3270
1.9149846492499605,3280
1.7672823716491302,3290
1.916060834445566,3300
1.9369714622067074,3310
1.960909043238438,3320
1.7620378456710726,3330
1.0865355928853173,3340
1.9160508461232022,3350
1.6783053817041091,3360
2.0807976754829993,3370
1.6924921205278065,3380
1.7722629594301327,3390
1.1011632017935338,3400
1.7508374991834776,3410
1.923245682737742,3420
1.9013808590792072,3430
1.8779678926145642,3440
1.9221160882622663,3450
2.0653841086777716,3460
1.0762475001762326,3470
1.0550010820873639,3480
1.1073012031338816,3490
1.9480454804271432,3500
1.0995016222379645,3510
1.9065776868210877,3520
1.9152690791487066,3530
2.110638387477271,3540
1.8265552699326622,3550
1.8534802820509457,3560
1.7861946891830711,3570
1.0266233686282906,3580
1.1505548708726583,3590
1.0187603155032467,3600
1.7371440368864899,3610
1.8101889490415666,3620
2.050449658267778,3630
1.8595902418014822,3640
0.9939200492295217,3650
2.061822489984899,3660
1.0062195871576014,3670
1.079914173595779,3680
1.0341882550267547,3690
1.8856992484108148,3700
2.000534316545864,3710
1.5826459961086043,3720
1.5977709256478603,3730
2.003724308258699,3740
1.5975973875347282,3750
1.712254355501023,3760
1.5888217008014522,3770
1.3958543423618763,3780
1.9553937985561862,3790
1.5583977497260708,3800
1.7001761428536535,3810
1.722038498303239,3820
1.9398640385683281,3830
2.050921246749318,3840
2.018977567854886,3850
1.7393209068280349,3860
1.972251248789333,3870
1.781721196519641,3880
1.988717282414139,3890
1.2840144921369427,3900
1.274354577992936,3910
1.3134696695368726,3920
1.7492583317916341,3930
1.7638417922175682,3940
1.5066566500808642,3950
1.5952260202481083,3960
1.7807615291826562,3970
2.120328792587777,3980
1.7526712421557997,3990
1.757287906191549,4000
2.0495240200333393,4010
1.9977590835781383,4020
1.810787545382437,4030
1.721482069970896,4040
1.8626256006186532,4050
1.8678119368336024,4060
1.7597985997477317,4070
1.7054274535374356,4080
1.6904628662108092,4090
1.6000401169942902,4100
1.7532399479324294,4110
1.9164495183002008,4120
2.0089963195178218,4130
1.9426880559433815,4140
1.7325572697788445,4150
1.9228212486692837,4160
2.0393121533551293,4170
1.95856346728314,4180
1.723352130899683,4190
1.6667079749946219,4200
1.934251342743247,4210
1.634265678905062,4220
2.023545384475867,4230
1.928685127397006,4240
1.6799638283282172,4250
1.6609820940981868,4260
1.943288510001959,4270
1.9190743612559746,4280
1.730008574038684,4290
1.8965841138762565,4300
1.9288679114757195,4310
1.9001864464252918,4320
1.796244557108235,4330
1.8104342767841286,4340
1.9691018157824747,4350
1.9618600208503545,4360
2.005996487813357,4370
1.5682131609300756,4380
1.5882925476182288,4390
1.6784722557156062,4400
1.8172365188899144,4410
1.8060928869884316,4420
1.6872251789662338,4430
1.7539367144015439,4440
1.7564548900723809,4450
1.8246574177148518,4460
1.624751238869681,4470
1.8367094516896025,4480
1.675710835707851,4490
1.7953964864417156,4500
1.958178606438686,4510
1.7870658346666521,4520
1.6394635871835959,4530
1.7702507130730913,4540
1.962727730807385,4550
1.729824364584986,4560
1.8562767800470068,4570
1.8617974845359913,4580
1.8373002978566402,4590
1.837014455105232,4600
2.0097473031692057,4610
1.7856535339490092,4620
1.555784850950336,4630
1.8532242606280618,4640
1.8775648228128297,4650
1.8985173169525638,4660
1.6498358978424965,4670
1.5685052216712045,4680
1.5626500642911634,4690
1.8359383403323897,4700
1.5011763428184743,4710
1.7738093914230304,4720
1.7782337605194374,4730
1.8268647261920787,4740
1.7400055308724354,4750
1.9590998902232084,4760
1.9338195249660948,4770
1.6374716571784438,4780
1.8426310886640496,4790
1.891303352479145,4800
1.8233450145543693,4810
1.779175369720057,4820
1.74063460074554,4830
1.8799000549171003,4840
1.7755454258502734,4850
1.7296164721009708,4860
1.6934730417421546,4870
1.7144283541807264,4880
1.652769847727717,4890
1.801534168761379,4900
1.8529268672423083,4910
1.9398318087556703,4920
1.7985066842240836,4930
1.9680206124804152,4940
1.731757000973403,4950
1.8183696575470247,4960
1.9183947147962532,4970
2.0046015465186424,4980
1.8664597566609922,4990
1.849284982685977,5000
1.908035830017216,5010
1.8369304544720433,5020
1.8718638236506973,5030
1.9081293040744116,5040
2.137352626657762,5050
2.1255117552750162,5060
1.8056012770352432,5070
2.183125575730761,5080
1.8774867189991926,5090
1.8330640070488753,5100
1.9821830970401686,5110
1.8858927234204685,5120
1.7539886349883351,5130
1.8915611020126668,5140
1.8484354818189883,5150
1.8544371992590347,5160
1.6765902481326587,5170
1.8657185512160424,5180
1.7448769055406177,5190
2.0426058094561537,5200
1.7321599726689374,5210
1.8034122323457609,5220
2.027900332293836,5230
1.7909782771335707,5240
1.8110982449489739,5250
1.8001885441488241,5260
1.7382743086886092,5270
1.8387235679103981,5280
2.039686087803943,5290
2.0651403367038568,5300
1.8230649032462762,5310
1.8730423096009787,5320
1.875428518871451,5330
2.0647441173160077,5340
1.7631908193043138,5350
1.9670626938043352,5360
1.8675292374912917,5370
1.890276127981022,5380
1.7577911439837177,5390
2.159031478835043,5400
1.9029231441975736,5410
1.970627697833652,5420
1.963686643947769,5430
2.0347176321957776,5440
2.0906082554217438,5450
1.9014987051570846,5460
1.8312443423491696,5470
2.1499227020679483,5480
1.8619632617415462,5490
2.004017904871259,5500
2.0324955171637806,5510
2.046995730697237,5520
1.878952616241773,5530
1.8868390053004207,5540
1.8588260033936286,5550
1.8031542642966623,5560
2.0630507803078824,5570
1.8430628259474355,5580
2.063332055843698,5590
1.8552169569617012,5600
1.7410324869937224,5610
1.9183374363328012,5620
1.8472333361842368,5630
1.9113054973196564,5640
1.981698608245065,5650
1.849103960980281,5660
1.8748160503349443,5670
1.9944420991614045,5680
2.087720586615642,5690
1.9160472656467897,5700
1.82698218923951,5710
1.890408793827784,5720
1.94064318859249,5730
1.8666684076056483,5740
2.0580842844754565,5750
2.110086542694315,5760
1.999012359551964,5770
1.9492871479731795,5780
1.942572578869206,5790
2.0213314518751715,5800
1.8804890814568318,5810
2.02285836813056,5820
2.185968269000928,5830
2.056387051516939,5840
2.1499582625254052,5850
1.9017032769119901,5860
2.0941322085765988,5870
1.9106105886040674,5880
2.1550094209901363,5890
2.0871518914196647,5900
1.9629898711194371,5910
1.9827747951735737,5920
2.073336331472167,5930
2.056232137020651,5940
2.0425794853331856,5950
2.119509719499311,5960
2.0052688381916104,5970
1.9316286174103225,5980
1.8876144601173166,5990
1.9863262945435045,6000
2.0453406011780206,6010
1.894886108513527,6020
2.000023918439752,6030
1.9271370319346952,6040
1.9733416314062522,6050
2.0187804486542418,6060
1.9872763049119522,6070
2.0528819739272266,6080
2.055382009450715,6090
2.1527386914594846,6100
2.0575826924779714,6110
1.8929477908566354,6120
2.121629412800948,6130
2.0708974830003672,6140
2.0559749583816544,6150
1.8023124558639925,6160
1.9339767258189295,6170
1.9985717446561984,6180
2.0018762400860868,6190
2.002340503221065,6200
2.041550121472815,6210
2.1069856296258083,6220
2.107594466536116,6230
1.8314499576718033,6240
2.018637603912508,6250
2.03542191365971,6260
2.0470335033926848,6270
2.1133723278616108,6280
1.988303929937684,6290
1.819712975268856,6300
2.070783499664265,6310
2.069843392573656,6320
2.000571031854715,6330
2.0051205347445937,6340
1.990341717617435,6350
2.0343498839715206,6360
2.1228629249591595,6370
2.0961323477245393,6380
1.9986646436931448,6390
1.9197056787077365,6400
2.0439671103126256,6410
2.12626396483075,6420
2.0466700071711057,6430
1.988913981325156,6440
2.0918000784178488,6450
1.9731519953394594,6460
1.9864850663488582,6470
1.9735507106609917,6480
2.113117332279532,6490
2.1313384556363357,6500
1.9314698448577057,6510
2.091669484169906,6520
2.1325474625702707,6530
2.032885970829062,6540
1.9902993906612125,6550
2.0525831007132083,6560
1.9693155853606639,6570
2.0111142284003893,6580
2.0432461557169614,6590
2.0416575371477057,6600
2.0763721285744414,6610
2.0907787755640843,6620
2.062982814655511,6630
2.028024526336006,6640
2.0446378545587733,6650
1.958013603361054,6660
2.127604053018789,6670
2.130642964709322,6680
2.0325992555356844,6690
2.06522230532938,6700
2.039759061674618,6710
1.9971515914832896,6720
2.0180350363562427,6730
2.0363619317991497,6740
1.9985596109123782,6750
2.1369872400742436,6760
2.053726239060322,6770
2.1533000432645473,6780
2.1070927554893717,6790
2.1313932567556644,6800
2.0856108730566643,6810
2.129837963990399,6820
2.07684777423061,6830
1.9961487885150342,6840
2.153470073019091,6850
2.031345264533386,6860
2.035796249618719,6870
2.167055078517894,6880
2.0877651663716086,6890
1.9906324754031652,6900
2.043180721286431,6910
2.0251924137114417,6920
2.027319448384269,6930
2.0427793475029743,6940
2.0720409587450344,6950
2.0126553111088272,6960
2.1639140450600003,6970
1.9858398527022205,6980
2.013291957433088,6990
2.1366565124123587,7000
2.1002387257844073,7010
2.140676275787111,7020
1.9615767213192823,7030
2.013892393909988,7040
2.082882682434162,7050
2.063995305746128,7060
2.110764572108159,7070
1.9792629932114516,7080
2.178755582258899,7090
2.0532833039621106,7100
2.186414915356073,7110
1.961716244993001,7120
2.098470047483755,7130
2.020029426934269,7140
1.9557339990442029,7150
1.9856309642344303,7160
2.0943124314524852,7170
2.007263747638914,7180
2.0497403724503753,7190
2.0225202994791505,7200
2.0579137079214926,7210
1.9967553106191276,7220
2.1237329725412546,7230
2.019291857759725,7240
2.1869797188922506,7250
2.03099242567762,7260
2.120312689688497,7270
1.9437072057829976,7280
1.9525670803741162,7290
2.1749501114616083,7300
2.0920598115612172,7310
2.0038828368444843,7320
2.118131547203192,7330
2.2284580144042154,7340
2.228037204428372,7350
1.9837942367631416,7360
1.9534258242189821,7370
1.9414603363988419,7380
2.1048136783680977,7390
2.212597659371502,7400
2.1906138462836298,7410
2.0997371224107524,7420
2.1224223884045665,7430
1.9981345353255733,7440
2.027794464016743,7450
2.182511018298868,7460
1.9853316452724123,7470
2.1010559508534645,7480
2.141301829138834,7490
2.169285286680908,7500
1.9268232103006286,7510
2.1698099773147526,7520
2.0550388035853175,7530
2.1839693487682226,7540
2.00755031869325,7550
2.064027792003701,7560
2.1764820534855853,7570
1.9474014572562155,7580
1.9996876838156878,7590
2.0098923478852586,7600
2.14637247098433,7610
2.098113249252084,7620
1.971118979816481,7630
2.1750337574926997,7640
2.1695301323117975,7650
2.0251471719772676,7660
2.0115434168097384,7670
2.1462198399150996,7680
2.095081012409836,7690
1.9211819653218254,7700
2.140185864459852,7710
1.9223376842357567,7720
2.1005966818386512,7730
1.9892364124117796,7740
2.1962183807652425,7750
2.1647076681456126,7760
2.088863869880021,7770
2.1688055550195737,7780
2.1795456080641524,7790
2.1315415920706147,7800
1.9887460667885557,7810
2.152555667589013,7820
2.0192392188184285,7830
2.166008301869131,7840
2.131863972354889,7850
2.117288910207953,7860
2.1301414466428477,7870
2.065426465143728,7880
2.096854911727158,7890
2.1490293608539908,7900
1.9833558164597174,7910
2.1624476039721197,7920
2.0228002869366914,7930
2.1761660520867316,7940
2.1686953550331443,7950
2.131836475870102,7960
2.1711873482770376,7970
2.080313530518759,7980
2.0870960099802276,7990
2.1556694498070885,8000
2.1191962436929033,8010
2.0960406075843423,8020
2.162504613882082,8030
2.1242382840995804,8040
2.128707726513004,8050
2.1179964430728275,8060
2.128396674376433,8070
2.1383544546267,8080
2.167848111086513,8090
2.0978504707869607,8100
2.0977850364474984,8110
2.145444911375332,8120
2.065421625072501,8130
2.201245818571142,8140
2.003353674696036,8150
2.205957078131972,8160
2.1312769898574087,8170
2.122403649766472,8180
2.1034042358891014,8190
2.160099364684795,8200
2.1487393940870896,8210
2.1520765607910817,8220
2.131307691939567,8230
2.1447664593942886,8240
2.0807997284721362,8250
2.1741885519372373,8260
2.120644769738795,8270
2.161221216194436,8280
2.1371057056510603,8290
2.1447542353487887,8300
2.1246343352469554,8310
2.1615292613972117,8320
2.1550278611003075,8330
2.1562365387487263,8340
2.1507284956242434,8350
2.132782490294571,8360
2.1481305159135893,8370
2.1383617967747792,8380
2.146525623868142,8390
2.1598603448211113,8400
2.154753103177988,8410
2.1160952546388305,8420
2.186458449784604,8430
2.147761888066666,8440
2.122462211191997,8450
2.1612327500244106,8460
2.1372546209550154,8470
2.1546112764288354,8480
2.149180912468278,8490
2.159968321939526,8500
2.131815938533883,8510
2.1337592319886056,8520
2.1568240977750164,8530
2.1562765736161253,8540
2.157998605371086,8550
2.155252583229719,8560
2.1404120798898543,8570
2.120514839747191,8580
2.1283201149154207,8590
2.1444120889770506,8600
2.1619265443897087,8610
2.150800926222849,8620
2.161663704522579,8630
2.1112940055552496,8640
2.140435222194905,8650
2.183692191645258,8660
2.1516288072405865,8670
2.139103124494842,8680
2.1348478714200154,8690
2.145334549089646,8700
2.154257321918413,8710
2.1405314049082587,8720
2.1513366918576557,8730
2.1276403533288732,8740
2.1174909904551416,8750
2.137873885315054,8760
2.128841705499865,8770
2.1432572666030096,8780
2.1510270951012185,8790
2.1157666909368062,8800
2.1271373028283986,8810
2.1153747885236167,8820
2.1412705612095655,8830
2.1160329863355813,8840
2.0825698336517364,8850
2.1300236716111005,8860
2.1322239159689667,8870
2.120892212489837,8880
2.1159448155097595,8890
2.1083948775826618,8900
2.0864546153149752,8910
2.112687211834116,8920
2.1103090090731804,8930
2.157507116226601,8940
2.149272124139873,8950
2.1231770391339753,8960
2.0966430852151805,8970
2.1478016870339207,8980
2.171007275909074,8990
2.115803279598043,9000
2.151482090226012,9010
2.126077188663574,9020
2.114765815549747,9030
2.127535145292807,9040
2.1522446412321905,9050
2.110283626770673,9060
2.0732977127878276,9070
2.129019193331562,9080
2.0889327132448683,9090
2.128478384463419,9100
2.0827561146401585,9110
2.164465986014416,9120
2.1525399361125648,9130
2.077371438971874,9140
2.1062822463795996,9150
2.1217502793157257,9160
2.0947094986748014,9170
2.0900997696735093,9180
2.07544855111655,9190
2.120957559373065,9200
2.101725072297989,9210
2.0788896771544363,9220
2.094147856285356,9230
2.06517347204233,9240
2.131147331068697,9250
2.115877022485327,9260
2.135519025324986,9270
2.113894698545311,9280
2.0962856105205567,9290
2.10700362254594,9300
2.0984008646204915,9310
2.079792018674982,9320
2.1050757181445126,9330
2.068434607581149,9340
2.0998559982628024,9350
2.118731360491158,9360
2.0969880806390657,9370
2.1204917863382775,9380
2.1416730517407228,9390
2.1327919438814713,9400
2.109012691751515,9410
2.080640046673743,9420
2.113622308438917,9430
2.0918273988941145,9440
2.1346256250250546,9450
2.09174105723027,9460
2.065969576283737,9470
2.1115311600765985,9480
2.0870504805799626,9490
2.0869151130293284,9500
2.1325949817644725,9510
2.08971281700597,9520
2.132731862576729,9530
2.122779714248317,9540
2.0898987440703793,9550
2.105469637407969,9560
2.0572309334899406,9570
2.1337348469994595,9580
2.076925579162689,9590
2.082523359399589,9600
2.063771471485095,9610
2.0802855039586543,9620
2.0970475668081368,9630
2.0974289549484113,9640
2.0903267415360576,9650
2.1306558101796957,9660
2.064193198733693,9670
2.093837471720461,9680
2.0590322679086,9690
2.0831143153984817,9700
2.097747364006984,9710
2.123211776017336,9720
2.042339249170018,9730
2.0965748689249852,9740
2.1074759356542474,9750
2.0985270197083286,9760
2.1181720133329702,9770
2.0922378276317097,9780
2.1140957285664665,9790
2.117348795435855,9800
2.100221131767309,9810
2.062243371457962,9820
2.116518270181489,9830
2.120702475411743,9840
2.101952470677652,9850
2.051344684014114,9860
2.1249014582521064,9870
2.069047302717805,9880
2.045390011837577,9890
2.0931665182238497,9900
2.068860713201029,9910
2.07607663436405,9920
2.1279243025611057,9930
2.045863731707441,9940
2.048898072571813,9950
2.0954802066284968,9960
2.057398420443381,9970
2.096399594235409,9980
2.1029356836282123,9990
2.1361925359696143,10000
2.114130613781192,10010
2.0847362785152583,10020
2.120768510589537,10030
2.1137639893457023,10040
2.041756285491745,10050
2.111397638182487,10060
2.0463514570972436,10070
2.043220453692156,10080
2.109663559867049,10090
2.087824588435944,10100
2.0448557328694865,10110
2.117091586652244,10120
2.0627206693153015,10130
2.1165126971252426,10140
2.1050764149360797,10150
2.0405781522554385,10160
2.08309177661849,10170
2.098135946850461,10180
2.0670676746560046,10190
2.040424071506025,10200
2.129526886111046,10210
2.1267366708758155,10220
2.0897076851659726,10230
2.1139100134722946,10240
2.0719959160335186,10250
2.085686274049297,10260
2.0880025298651934,10270
2.087419102288164,10280
2.030518908714216,10290
2.0775163792234164,10300
2.104643373464433,10310
2.0369198321155983,10320
2.085932345796144,10330
2.0720876225308404,10340
2.0820749498096474,10350
2.089015827268039,10360
2.0985105308304255,10370
2.073235232916093,10380
2.0786984278454774,10390
2.108499389654473,10400
2.101353019567728,10410
2.104508089108128,10420
2.0573711650845525,10430
2.0877601742935603,10440
2.1011024087130785,10450
2.087515765915032,10460
2.0831399406197555,10470
2.0315486763558264,10480
2.0571729071997056,10490
2.0980818736843876,10500
2.0226111431221763,10510
2.0286173663592724,10520
2.0772063169489763,10530
2.07812056831333,10540
2.051571922405707,10550
2.1099376618674737,10560
2.107289761361358,10570
2.0689187136116503,10580
2.1100345729177534,10590
2.078026432341614,10600
2.0238686290084185,10610
2.0586991109450365,10620
2.026457592883247,10630
2.067381679947106,10640
2.018095727634239,10650
2.09293647843832,10660
2.084296595633195,10670
2.0861800886196193,10680
2.017626456647193,10690
2.0925338815650276,10700
2.082443557777179,10710
2.104978429831548,10720
2.06849409877646,10730
2.09383224215347,10740
2.104458593325035,10750
2.1138358646340483,10760
2.076306254034268,10770
2.0470291958182703,10780
2.031483161682185,10790
2.0467180388277466,10800
2.084233865014731,10810
2.0943134076138836,10820
2.07145945947622,10830
2.020900982001825,10840
2.095685670021141,10850
2.1031657101283896,10860
2.059215800242638,10870
2.0683055912812365,10880
2.093110362783727,10890
2.099677491155376,10900
2.0662099750885967,10910
2.036531294871135,10920
2.0900872499993404,10930
2.031286845571095,10940
2.0963801694304296,10950
2.083669656219331,10960
2.056332180301122,10970
2.1002408379591953,10980
2.0394362685150162,10990
