loss,time_l
0.7166109505451301,810
0.6876776561810816,820
0.6592252027847068,830
0.6340249860618657,840
0.5907012808385808,850
0.6121323801296585,860
0.5816284735069237,870
0.5889413411982767,880
0.6118319033152257,890
0.6508612970294985,900
0.6612934662671147,910
0.6756209293178527,920
0.6914800403458556,930
0.7072347583214835,940
0.7095201769322961,950
0.7199831559980734,960
0.7320442697851991,970
0.7434492722092958,980
0.7414943032064164,990
0.7202345475342701,1000
0.7059844421485822,1010
0.6552346364648347,1020
0.6339975802106557,1030
0.6307558591593324,1040
0.5781068388379984,1050
0.5513873203889202,1060
0.5727643593783185,1070
0.5643849557993249,1080
0.5919169608295711,1090
0.6431265123609371,1100
0.5913250543956454,1110
0.6069322253171985,1120
0.6997241322004951,1130
0.7951383195073368,1140
0.8406633740573224,1150
0.8388244860313734,1160
0.8068224634520618,1170
0.8644793643302282,1180
1.0785261541453248,1190
1.0994687239124947,1200
1.1063386199392162,1210
0.8559676914500329,1220
0.9386460559186218,1230
0.9292881009007428,1240
0.9781225520729073,1250
1.011022653996589,1260
0.9866858129456739,1270
0.7891406165215814,1280
0.7879917375819638,1290
0.8277130501975474,1300
0.9440620429235793,1310
1.018523619467115,1320
1.0154629660556622,1330
1.0832530778354248,1340
1.162860470576809,1350
1.085387039351027,1360
0.972553426761241,1370
1.1750078802949537,1380
0.9040228348877996,1390
0.7856165958841697,1400
0.6679568548597931,1410
0.6027782791874279,1420
0.571170114786457,1430
0.4652705718936153,1440
0.4851586298833663,1450
0.4720162534891329,1460
0.46296430467854527,1470
0.5250997876347052,1480
0.597657140790827,1490
0.8685602467511118,1500
0.7566094681154507,1510
0.8543717462253122,1520
0.7679429734096391,1530
0.6904013319059586,1540
0.5941352057561422,1550
0.5495395155958448,1560
0.5674219106736901,1570
0.530094795128067,1580
0.4979651356370788,1590
0.5030920255344867,1600
0.496141980643589,1610
0.5011517047652975,1620
0.4925876317688447,1630
0.4929353520637262,1640
0.41697196177363277,1650
0.4763564878494987,1660
0.4429208291541766,1670
0.42781100636273595,1680
0.43855790657235705,1690
0.4614962293749908,1700
0.5156208009932117,1710
0.39159614578087065,1720
0.5004894177475802,1730
0.6555986956327942,1740
0.664640404639849,1750
0.5831558476593223,1760
0.5763617520819219,1770
0.5141465519051007,1780
0.42567619801115886,1790
0.4129906548780272,1800
0.4015807869877923,1810
0.4468154030854052,1820
0.4403655769091473,1830
0.4639110825932079,1840
0.5980613463751455,1850
0.5666535343933363,1860
0.4802493380312451,1870
0.4254355278199468,1880
0.4370904467700404,1890
0.3750357947821307,1900
0.3987906787040146,1910
0.43268299993985854,1920
0.43194576089307024,1930
0.4480705901275295,1940
0.4418518682012193,1950
0.39767434938951923,1960
0.3480202152971175,1970
0.3203050317595612,1980
0.3143461874674348,1990
0.32436129458832746,2000
0.38213669985050375,2010
0.32806134032091616,2020
0.36258942342182965,2030
0.42047766416082705,2040
0.47021300334913185,2050
0.5121278418029258,2060
0.5105752039153035,2070
0.5492307305899939,2080
0.49471142264547285,2090
0.4729781379744452,2100
0.4838044694815499,2110
0.42080248832631845,2120
0.37191828469781524,2130
0.36369530966137265,2140
0.34537778170459515,2150
0.3371423889700279,2160
0.3270922573757427,2170
0.33222442114009537,2180
0.3285599605929462,2190
0.3760219811131037,2200
0.38334610597935426,2210
0.4312344227045061,2220
0.500371883899396,2230
0.46508662538660756,2240
0.44133647425113853,2250
0.4297825148525485,2260
0.42298657550242985,2270
0.38565006467506013,2280
0.3480783264722087,2290
0.3490219025900435,2300
0.26288678712171365,2310
0.26592589925924714,2320
0.27028016140469363,2330
0.24815089857379696,2340
0.20850474873539535,2350
0.26269637678472646,2360
0.26711367249453766,2370
0.26907748829846645,2380
0.2979896834610751,2390
0.29804180775845046,2400
0.3637288342298652,2410
0.3345417838712474,2420
0.33356978031643153,2430
0.3032339999265555,2440
0.30535966078550647,2450
0.3035269860327468,2460
0.31844664845763465,2470
0.31508146765665374,2480
0.28908222023192365,2490
0.28865020118148355,2500
0.28517640756255147,2510
0.2856295196970036,2520
0.2833731917716173,2530
0.2611609624409832,2540
0.28948779148374304,2550
0.3152081116769931,2560
0.3163374006140935,2570
0.3165271632477462,2580
0.35057768022839014,2590
0.326204491259832,2600
0.35043424973216913,2610
0.3272954657457036,2620
0.2984358391959277,2630
0.298415498466637,2640
0.359598325596075,2650
0.35920889640038844,2660
0.3879493931649949,2670
0.38316201071298794,2680
0.3772933173382119,2690
0.42940378068113355,2700
0.5761450613957303,2710
0.5429417566830453,2720
0.488244125259422,2730
0.43473562260487225,2740
0.4494988381831443,2750
0.3834291969822209,2760
0.41859678494979785,2770
0.4265956414363357,2780
0.42356823333278354,2790
0.3434000730423521,2800
0.34244653426530913,2810
0.2934501252869217,2820
0.2761293862013766,2830
0.2475543450913385,2840
0.23926899397793608,2850
0.2375321224601623,2860
0.23624356744426273,2870
0.23220728516662498,2880
0.22875165287980784,2890
0.23579872031073323,2900
0.23331589157035432,2910
0.2386029280955333,2920
0.2347548437068741,2930
0.246484897114928,2940
0.30700894839389437,2950
0.2849235000182465,2960
0.33453238351930564,2970
0.3867441271188878,2980
0.38319884960529615,2990
