,reward,time_r
0,0.0,2
1,0.0,3
2,1.0,4
3,1.0,5
4,0.0,6
5,-1.0,7
6,-1.0,8
7,0.0,9
8,1.0,10
9,0.0,11
10,1.0,12
11,-1.0,13
12,-1.0,14
13,0.5,15
14,0.0,16
15,0.0,17
16,-1.0,18
17,1.0,19
18,0.0,20
19,1.0,21
20,-1.0,22
21,-1.0,23
22,1.0,24
23,0.5,25
24,-1.0,26
25,-1.0,27
26,-1.0,28
27,-1.0,29
28,0.0,30
29,0.5,31
30,0.0,32
31,1.0,33
32,-1.0,34
33,-1.0,35
34,-1.0,36
35,0.5,37
36,0.0,38
37,0.5,39
38,-1.0,40
39,-1.0,41
40,-1.0,42
41,-1.0,43
42,1.0,44
43,0.0,45
44,-1.0,46
45,-1.0,47
46,-1.0,48
47,-1.0,49
48,-1.0,50
49,0.0,51
50,1.0,52
51,0.0,53
52,0.0,54
53,-1.0,55
54,0.5,56
55,1.0,57
56,-1.0,58
57,-1.0,59
58,-1.0,60
59,-1.0,61
60,0.0,62
61,-1.0,63
62,-1.0,64
63,1.0,65
64,0.5,66
65,1.0,67
66,-1.0,68
67,0.0,69
68,1.0,70
69,-1.0,71
70,0.0,72
71,-1.0,73
72,-1.0,74
73,-1.0,75
74,-1.0,76
75,0.0,77
76,1.0,78
77,-1.0,79
78,-1.0,80
79,1.0,81
80,0.5,82
81,0.5,83
82,-1.0,84
83,1.0,85
84,0.5,86
85,1.0,87
86,1.0,88
87,1.0,89
88,-1.0,90
89,1.0,91
90,0.0,92
91,1.0,93
92,0.5,94
93,1.0,95
94,-1.0,96
95,0.0,97
96,0.0,98
97,0.0,99
98,0.0,100
99,1.0,101
100,0.0,102
101,1.0,103
102,0.0,104
103,1.0,105
104,1.0,106
105,0.0,107
106,-1.0,108
107,1.0,109
108,-1.0,110
109,0.0,111
110,0.0,112
111,-1.0,113
112,0.0,114
113,0.5,115
114,-1.0,116
115,1.0,117
116,1.0,118
117,-1.0,119
118,0.5,120
119,1.0,121
120,-1.0,122
121,1.0,123
122,0.5,124
123,1.0,125
124,-1.0,126
125,0.5,127
126,-1.0,128
127,-1.0,129
128,1.0,130
129,-1.0,131
130,-1.0,132
131,0.0,133
132,-1.0,134
133,0.0,135
134,-1.0,136
135,1.0,137
136,0.0,138
137,-1.0,139
138,0.0,140
139,0.5,141
140,-1.0,142
141,0.5,143
142,0.5,144
143,0.0,145
144,0.0,146
145,-1.0,147
146,0.0,148
147,1.0,149
148,0.5,150
149,0.0,151
150,1.0,152
151,-1.0,153
152,1.0,154
153,1.0,155
154,1.0,156
155,1.0,157
156,-1.0,158
157,1.0,159
158,1.0,160
159,0.5,161
160,0.0,162
161,-1.0,163
162,1.0,164
163,1.0,165
164,1.0,166
165,-1.0,167
166,1.0,168
167,-1.0,169
168,1.0,170
169,1.0,171
170,-1.0,172
171,1.0,173
172,1.0,174
173,1.0,175
174,1.0,176
175,-1.0,177
176,1.0,178
177,0.0,179
178,-1.0,180
179,-1.0,181
180,0.0,182
181,1.0,183
182,1.0,184
183,1.0,185
184,-1.0,186
185,0.0,187
186,-1.0,188
187,-1.0,189
188,-1.0,190
189,-1.0,191
190,1.0,192
191,-1.0,193
192,0.5,194
193,1.0,195
194,0.5,196
195,-1.0,197
196,-1.0,198
197,0.5,199
198,1.0,200
199,-1.0,201
200,-1.0,202
201,1.0,203
202,1.0,204
203,1.0,205
204,0.0,206
205,-1.0,207
206,0.0,208
207,0.0,209
208,1.0,210
209,-1.0,211
210,1.0,212
211,-1.0,213
212,1.0,214
213,-1.0,215
214,0.5,216
215,-1.0,217
216,-1.0,218
217,-1.0,219
218,1.0,220
219,0.5,221
220,-1.0,222
221,1.0,223
222,-1.0,224
223,-1.0,225
224,0.0,226
225,-1.0,227
226,-1.0,228
227,1.0,229
228,-1.0,230
229,0.0,231
230,1.0,232
231,0.0,233
232,-1.0,234
233,0.0,235
234,-1.0,236
235,0.0,237
236,-1.0,238
237,0.0,239
238,-1.0,240
239,-1.0,241
240,0.0,242
241,1.0,243
242,-1.0,244
243,-1.0,245
244,1.0,246
245,-1.0,247
246,1.0,248
247,-1.0,249
248,-1.0,250
249,-1.0,251
250,0.5,252
251,0.0,253
252,-1.0,254
253,1.0,255
254,1.0,256
255,1.0,257
256,0.0,258
257,1.0,259
258,-1.0,260
259,0.5,261
260,-1.0,262
261,1.0,263
262,0.0,264
263,1.0,265
264,0.0,266
265,-1.0,267
266,0.0,268
267,-1.0,269
268,0.0,270
269,0.0,271
270,-1.0,272
271,1.0,273
272,0.0,274
273,-1.0,275
274,-1.0,276
275,1.0,277
276,1.0,278
277,-1.0,279
278,0.5,280
279,1.0,281
280,1.0,282
281,0.0,283
282,1.0,284
283,-1.0,285
284,-1.0,286
285,0.0,287
286,-1.0,288
287,0.5,289
288,-1.0,290
289,-1.0,291
290,0.0,292
291,1.0,293
292,1.0,294
293,-1.0,295
294,-1.0,296
295,-1.0,297
296,-1.0,298
297,1.0,299
298,1.0,300
299,-1.0,301
300,1.0,302
301,0.0,303
302,-1.0,304
303,1.0,305
304,0.0,306
305,-1.0,307
306,1.0,308
307,1.0,309
308,1.0,310
309,-1.0,311
310,1.0,312
311,1.0,313
312,-1.0,314
313,0.5,315
314,1.0,316
315,-1.0,317
316,0.5,318
317,-1.0,319
318,-1.0,320
319,-1.0,321
320,-1.0,322
321,-1.0,323
322,1.0,324
323,1.0,325
324,-1.0,326
325,-1.0,327
326,1.0,328
327,0.5,329
328,0.0,330
329,-1.0,331
330,-1.0,332
331,-1.0,333
332,-1.0,334
333,-1.0,335
334,-1.0,336
335,0.0,337
336,-1.0,338
337,0.0,339
338,1.0,340
339,1.0,341
340,0.0,342
341,1.0,343
342,1.0,344
343,0.5,345
344,-1.0,346
345,0.5,347
346,-1.0,348
347,1.0,349
348,-1.0,350
349,-1.0,351
350,1.0,352
351,0.5,353
352,0.0,354
353,-1.0,355
354,0.5,356
355,-1.0,357
356,0.5,358
357,-1.0,359
358,0.0,360
359,0.0,361
360,-1.0,362
361,0.0,363
362,1.0,364
363,0.0,365
364,-1.0,366
365,0.0,367
366,0.5,368
367,-1.0,369
368,0.0,370
369,0.5,371
370,0.5,372
371,1.0,373
372,-1.0,374
373,1.0,375
374,0.0,376
375,1.0,377
376,-1.0,378
377,0.0,379
378,0.0,380
379,1.0,381
380,0.0,382
381,-1.0,383
382,1.0,384
383,0.0,385
384,-1.0,386
385,1.0,387
386,0.0,388
387,-1.0,389
388,1.0,390
389,-1.0,391
390,1.0,392
391,1.0,393
392,-1.0,394
393,-1.0,395
394,1.0,396
395,-1.0,397
396,-1.0,398
397,0.0,399
398,0.0,400
399,0.0,401
400,1.0,402
401,1.0,403
402,1.0,404
403,-1.0,405
404,0.0,406
405,-1.0,407
406,-1.0,408
407,-1.0,409
408,0.5,410
409,1.0,411
410,0.5,412
411,0.0,413
412,1.0,414
413,-1.0,415
414,-1.0,416
415,1.0,417
416,0.0,418
417,1.0,419
418,-1.0,420
419,1.0,421
420,0.0,422
421,0.5,423
422,-1.0,424
423,0.0,425
424,-1.0,426
425,1.0,427
426,-1.0,428
427,-1.0,429
428,0.0,430
429,-1.0,431
430,-1.0,432
431,-1.0,433
432,-1.0,434
433,0.5,435
434,1.0,436
435,-1.0,437
436,0.5,438
437,-1.0,439
438,1.0,440
439,1.0,441
440,0.0,442
441,-1.0,443
442,1.0,444
443,1.0,445
444,1.0,446
445,1.0,447
446,1.0,448
447,0.0,449
448,1.0,450
449,1.0,451
450,1.0,452
451,1.0,453
452,-1.0,454
453,1.0,455
454,-1.0,456
455,-1.0,457
456,-1.0,458
457,0.0,459
458,0.0,460
459,0.0,461
460,-1.0,462
461,1.0,463
462,-1.0,464
463,-1.0,465
464,-1.0,466
465,1.0,467
466,-1.0,468
467,1.0,469
468,0.0,470
469,0.0,471
470,1.0,472
471,1.0,473
472,1.0,474
473,0.5,475
474,-1.0,476
475,1.0,477
476,1.0,478
477,0.0,479
478,-1.0,480
479,0.0,481
480,0.0,482
481,1.0,483
482,0.5,484
483,0.0,485
484,1.0,486
485,0.5,487
486,-1.0,488
487,0.0,489
488,0.0,490
489,-1.0,491
490,1.0,492
491,-1.0,493
492,0.5,494
493,-1.0,495
494,0.5,496
495,0.5,497
496,-1.0,498
497,0.0,499
498,-1.0,500
499,0.5,501
500,1.0,502
501,-1.0,503
502,1.0,504
503,0.0,505
504,0.0,506
505,-1.0,507
506,-1.0,508
507,-1.0,509
508,-1.0,510
509,1.0,511
510,0.0,512
511,-1.0,513
512,-1.0,514
513,-1.0,515
514,0.0,516
515,0.5,517
516,-1.0,518
517,-1.0,519
518,0.5,520
519,-1.0,521
520,1.0,522
521,1.0,523
522,0.5,524
523,1.0,525
524,-1.0,526
525,0.0,527
526,-1.0,528
527,-1.0,529
528,0.0,530
529,1.0,531
530,0.0,532
531,0.0,533
532,0.0,534
533,0.0,535
534,0.5,536
535,1.0,537
536,-1.0,538
537,-1.0,539
538,0.0,540
539,-1.0,541
540,1.0,542
541,-1.0,543
542,-1.0,544
543,1.0,545
544,-1.0,546
545,1.0,547
546,1.0,548
547,0.5,549
548,-1.0,550
549,1.0,551
550,-1.0,552
551,-1.0,553
552,0.5,554
553,1.0,555
554,0.5,556
555,-1.0,557
556,1.0,558
557,1.0,559
558,0.0,560
559,1.0,561
560,0.5,562
561,-1.0,563
562,-1.0,564
563,0.0,565
564,0.5,566
565,1.0,567
566,-1.0,568
567,-1.0,569
568,-1.0,570
569,-1.0,571
570,0.5,572
571,0.5,573
572,1.0,574
573,0.0,575
574,-1.0,576
575,1.0,577
576,-1.0,578
577,1.0,579
578,1.0,580
579,1.0,581
580,0.0,582
581,1.0,583
582,-1.0,584
583,1.0,585
584,-1.0,586
585,-1.0,587
586,0.0,588
587,-1.0,589
588,-1.0,590
589,0.0,591
590,0.5,592
591,-1.0,593
592,1.0,594
593,1.0,595
594,0.0,596
595,-1.0,597
596,0.0,598
597,-1.0,599
598,-1.0,600
599,-1.0,601
600,-1.0,602
601,0.0,603
602,-1.0,604
603,1.0,605
604,0.5,606
605,1.0,607
606,0.5,608
607,0.0,609
608,-1.0,610
609,0.0,611
610,1.0,612
611,-1.0,613
612,-1.0,614
613,1.0,615
614,1.0,616
615,0.0,617
616,1.0,618
617,0.5,619
618,-1.0,620
619,0.0,621
620,1.0,622
621,0.0,623
622,-1.0,624
623,-1.0,625
624,1.0,626
625,1.0,627
626,1.0,628
627,0.5,629
628,1.0,630
629,0.0,631
630,1.0,632
631,-1.0,633
632,0.0,634
633,1.0,635
634,-1.0,636
635,1.0,637
636,1.0,638
637,1.0,639
638,1.0,640
639,-1.0,641
640,1.0,642
641,0.0,643
642,-1.0,644
643,0.0,645
644,-1.0,646
645,-1.0,647
646,-1.0,648
647,-1.0,649
648,0.0,650
649,0.5,651
650,0.0,652
651,-1.0,653
652,1.0,654
653,0.5,655
654,-1.0,656
655,1.0,657
656,0.5,658
657,-1.0,659
658,0.0,660
659,1.0,661
660,-1.0,662
661,1.0,663
662,0.5,664
663,-1.0,665
664,-1.0,666
665,0.5,667
666,-1.0,668
667,-1.0,669
668,-1.0,670
669,-1.0,671
670,0.0,672
671,1.0,673
672,-1.0,674
673,-1.0,675
674,1.0,676
675,-1.0,677
676,0.0,678
677,-1.0,679
678,0.0,680
679,-1.0,681
680,0.0,682
681,1.0,683
682,0.5,684
683,0.0,685
684,-1.0,686
685,0.5,687
686,1.0,688
687,-1.0,689
688,-1.0,690
689,0.5,691
690,1.0,692
691,1.0,693
692,-1.0,694
693,1.0,695
694,1.0,696
695,-1.0,697
696,-1.0,698
697,-1.0,699
698,-1.0,700
699,-1.0,701
700,0.0,702
701,0.0,703
702,0.0,704
703,-1.0,705
704,-1.0,706
705,1.0,707
706,1.0,708
707,0.0,709
708,1.0,710
709,0.0,711
710,-1.0,712
711,0.0,713
712,0.5,714
713,0.0,715
714,-1.0,716
715,0.5,717
716,1.0,718
717,-1.0,719
718,-1.0,720
719,0.0,721
720,-1.0,722
721,0.0,723
722,0.5,724
723,1.0,725
724,1.0,726
725,0.0,727
726,-1.0,728
727,0.0,729
728,1.0,730
729,0.0,731
730,1.0,732
731,1.0,733
732,-1.0,734
733,1.0,735
734,1.0,736
735,-1.0,737
736,1.0,738
737,-1.0,739
738,1.0,740
739,0.0,741
740,1.0,742
741,1.0,743
742,0.5,744
743,-1.0,745
744,1.0,746
745,0.5,747
746,1.0,748
747,1.0,749
748,-1.0,750
749,-1.0,751
750,-1.0,752
751,1.0,753
752,-1.0,754
753,-1.0,755
754,1.0,756
755,0.0,757
756,-1.0,758
757,1.0,759
758,1.0,760
759,1.0,761
760,0.5,762
761,-1.0,763
762,1.0,764
763,-1.0,765
764,0.5,766
765,1.0,767
766,0.0,768
767,0.5,769
768,0.0,770
769,1.0,771
770,0.5,772
771,-1.0,773
772,1.0,774
773,0.0,775
774,1.0,776
775,1.0,777
776,1.0,778
777,1.0,779
778,1.0,780
779,1.0,781
780,0.5,782
781,1.0,783
782,1.0,784
783,-1.0,785
784,0.5,786
785,-1.0,787
786,-1.0,788
787,1.0,789
788,-1.0,790
789,-1.0,791
790,1.0,792
791,-1.0,793
792,1.0,794
793,-1.0,795
794,-1.0,796
795,1.0,797
796,1.0,798
797,0.0,799
798,-1.0,800
799,-1.0,801
800,1.0,802
801,0.0,803
802,0.5,804
803,0.0,805
804,1.0,806
805,0.0,807
806,0.0,808
807,1.0,809
808,1.0,810
809,-1.0,811
810,-1.0,812
811,-1.0,813
812,-1.0,814
813,1.0,815
814,0.0,816
815,0.5,817
816,1.0,818
817,-1.0,819
818,-1.0,820
819,1.0,821
820,1.0,822
821,0.0,823
822,0.0,824
823,-1.0,825
824,0.5,826
825,0.5,827
826,1.0,828
827,-1.0,829
828,-1.0,830
829,0.0,831
830,0.0,832
831,-1.0,833
832,0.5,834
833,1.0,835
834,-1.0,836
835,1.0,837
836,1.0,838
837,-1.0,839
838,0.5,840
839,0.5,841
840,-1.0,842
841,0.5,843
842,-1.0,844
843,0.5,845
844,-1.0,846
845,0.0,847
846,0.0,848
847,-1.0,849
848,0.0,850
849,-1.0,851
850,1.0,852
851,1.0,853
852,-1.0,854
853,0.0,855
854,0.0,856
855,-1.0,857
856,1.0,858
857,0.0,859
858,-1.0,860
859,-1.0,861
860,-1.0,862
861,1.0,863
862,-1.0,864
863,-1.0,865
864,1.0,866
865,-1.0,867
866,-1.0,868
867,-1.0,869
868,1.0,870
869,1.0,871
870,-1.0,872
871,1.0,873
872,-1.0,874
873,0.0,875
874,-1.0,876
875,-1.0,877
876,1.0,878
877,-1.0,879
878,-1.0,880
879,1.0,881
880,-1.0,882
881,0.0,883
882,-1.0,884
883,0.5,885
884,-1.0,886
885,1.0,887
886,1.0,888
887,0.0,889
888,0.0,890
889,1.0,891
890,-1.0,892
891,1.0,893
892,-1.0,894
893,1.0,895
894,0.5,896
895,0.5,897
896,0.0,898
897,-1.0,899
898,-1.0,900
899,-1.0,901
900,0.0,902
901,1.0,903
902,1.0,904
903,1.0,905
904,-1.0,906
905,-1.0,907
906,1.0,908
907,-1.0,909
908,1.0,910
909,-1.0,911
910,1.0,912
911,1.0,913
912,-1.0,914
913,0.0,915
914,0.0,916
915,0.0,917
916,1.0,918
917,0.0,919
918,-1.0,920
919,0.0,921
920,0.0,922
921,-1.0,923
922,-1.0,924
923,-1.0,925
924,1.0,926
925,0.0,927
926,-1.0,928
927,0.0,929
928,-1.0,930
929,-1.0,931
930,0.0,932
931,1.0,933
932,0.0,934
933,-1.0,935
934,-1.0,936
935,-1.0,937
936,1.0,938
937,0.0,939
938,0.5,940
939,0.0,941
940,1.0,942
941,0.0,943
942,1.0,944
943,-1.0,945
944,1.0,946
945,-1.0,947
946,0.5,948
947,0.0,949
948,1.0,950
949,1.0,951
950,-1.0,952
951,0.0,953
952,0.0,954
953,0.5,955
954,-1.0,956
955,0.5,957
956,0.0,958
957,1.0,959
958,0.0,960
959,0.0,961
960,-1.0,962
961,-1.0,963
962,-1.0,964
963,-1.0,965
964,1.0,966
965,-1.0,967
966,1.0,968
967,0.0,969
968,-1.0,970
969,0.5,971
970,0.0,972
971,0.0,973
972,1.0,974
973,1.0,975
974,1.0,976
975,1.0,977
976,-1.0,978
977,0.5,979
978,0.0,980
979,-1.0,981
980,0.5,982
981,0.5,983
982,1.0,984
983,1.0,985
984,1.0,986
985,1.0,987
986,-1.0,988
987,1.0,989
988,0.0,990
989,1.0,991
990,0.0,992
991,0.5,993
992,-1.0,994
993,-1.0,995
994,0.0,996
995,0.0,997
996,-1.0,998
997,1.0,999
998,-1.0,1000
999,0.0,1001
1000,-1.0,1002
1001,0.5,1003
1002,1.0,1004
1003,-1.0,1005
1004,1.0,1006
1005,0.0,1007
1006,0.5,1008
1007,-1.0,1009
1008,-1.0,1010
1009,0.5,1011
1010,-1.0,1012
1011,0.5,1013
1012,0.5,1014
1013,-1.0,1015
1014,0.0,1016
1015,1.0,1017
1016,-1.0,1018
1017,1.0,1019
1018,0.0,1020
1019,1.0,1021
1020,0.5,1022
1021,-1.0,1023
1022,0.5,1024
1023,-1.0,1025
1024,-1.0,1026
1025,-1.0,1027
1026,-1.0,1028
1027,-1.0,1029
1028,1.0,1030
1029,-1.0,1031
1030,0.0,1032
1031,1.0,1033
1032,1.0,1034
1033,0.5,1035
1034,0.0,1036
1035,1.0,1037
1036,-1.0,1038
1037,1.0,1039
1038,0.0,1040
1039,0.0,1041
1040,-1.0,1042
1041,0.5,1043
1042,1.0,1044
1043,-1.0,1045
1044,0.0,1046
1045,1.0,1047
1046,0.5,1048
1047,0.5,1049
1048,1.0,1050
1049,0.5,1051
1050,1.0,1052
1051,1.0,1053
1052,1.0,1054
1053,1.0,1055
1054,1.0,1056
1055,0.5,1057
1056,0.0,1058
1057,0.5,1059
1058,0.5,1060
1059,1.0,1061
1060,0.0,1062
1061,1.0,1063
1062,-1.0,1064
1063,1.0,1065
1064,1.0,1066
1065,0.0,1067
1066,1.0,1068
1067,1.0,1069
1068,0.0,1070
1069,0.0,1071
1070,0.0,1072
1071,1.0,1073
1072,1.0,1074
1073,1.0,1075
1074,-1.0,1076
1075,0.5,1077
1076,0.0,1078
1077,0.5,1079
1078,0.0,1080
1079,1.0,1081
1080,-1.0,1082
1081,1.0,1083
1082,0.0,1084
1083,0.5,1085
1084,1.0,1086
1085,0.0,1087
1086,1.0,1088
1087,1.0,1089
1088,0.0,1090
1089,-1.0,1091
1090,1.0,1092
1091,-1.0,1093
1092,1.0,1094
1093,-1.0,1095
1094,-1.0,1096
1095,1.0,1097
1096,1.0,1098
1097,-1.0,1099
1098,0.0,1100
1099,0.0,1101
1100,1.0,1102
1101,1.0,1103
1102,-1.0,1104
1103,0.5,1105
1104,0.0,1106
1105,0.0,1107
1106,1.0,1108
1107,-1.0,1109
1108,1.0,1110
1109,0.0,1111
1110,1.0,1112
1111,0.0,1113
1112,-1.0,1114
1113,0.0,1115
1114,1.0,1116
1115,-1.0,1117
1116,-1.0,1118
1117,-1.0,1119
1118,1.0,1120
1119,-1.0,1121
1120,-1.0,1122
1121,0.5,1123
1122,-1.0,1124
1123,-1.0,1125
1124,0.0,1126
1125,0.5,1127
1126,0.0,1128
1127,0.5,1129
1128,1.0,1130
1129,1.0,1131
1130,0.0,1132
1131,0.5,1133
1132,0.5,1134
1133,0.5,1135
1134,1.0,1136
1135,0.0,1137
1136,0.0,1138
1137,-1.0,1139
1138,-1.0,1140
1139,0.0,1141
1140,-1.0,1142
1141,0.0,1143
1142,-1.0,1144
1143,0.5,1145
1144,1.0,1146
1145,0.0,1147
1146,1.0,1148
1147,0.0,1149
1148,1.0,1150
1149,0.0,1151
1150,0.0,1152
1151,0.0,1153
1152,0.5,1154
1153,1.0,1155
1154,1.0,1156
1155,0.0,1157
1156,1.0,1158
1157,1.0,1159
1158,1.0,1160
1159,-1.0,1161
1160,1.0,1162
1161,0.5,1163
1162,0.5,1164
1163,0.0,1165
1164,1.0,1166
1165,1.0,1167
1166,0.0,1168
1167,-1.0,1169
1168,0.0,1170
1169,-1.0,1171
1170,-1.0,1172
1171,1.0,1173
1172,1.0,1174
1173,-1.0,1175
1174,0.0,1176
1175,0.5,1177
1176,0.5,1178
1177,1.0,1179
1178,0.0,1180
1179,0.0,1181
1180,-1.0,1182
1181,1.0,1183
1182,-1.0,1184
1183,0.0,1185
1184,-1.0,1186
1185,0.5,1187
1186,0.0,1188
1187,1.0,1189
1188,1.0,1190
1189,1.0,1191
1190,0.5,1192
1191,0.5,1193
1192,-1.0,1194
1193,0.0,1195
1194,0.0,1196
1195,0.0,1197
1196,1.0,1198
1197,1.0,1199
1198,0.0,1200
1199,0.5,1201
1200,1.0,1202
1201,1.0,1203
1202,0.5,1204
1203,1.0,1205
1204,-1.0,1206
1205,0.0,1207
1206,-1.0,1208
1207,-1.0,1209
1208,1.0,1210
1209,0.5,1211
1210,0.0,1212
1211,0.5,1213
1212,0.0,1214
1213,-1.0,1215
1214,1.0,1216
1215,-1.0,1217
1216,-1.0,1218
1217,0.0,1219
1218,-1.0,1220
1219,0.0,1221
1220,0.0,1222
1221,1.0,1223
1222,1.0,1224
1223,-1.0,1225
1224,0.0,1226
1225,0.5,1227
1226,1.0,1228
1227,1.0,1229
1228,1.0,1230
1229,-1.0,1231
1230,1.0,1232
1231,1.0,1233
1232,0.0,1234
1233,-1.0,1235
1234,1.0,1236
1235,1.0,1237
1236,1.0,1238
1237,1.0,1239
1238,0.0,1240
1239,1.0,1241
1240,1.0,1242
1241,-1.0,1243
1242,-1.0,1244
1243,-1.0,1245
1244,1.0,1246
1245,1.0,1247
1246,-1.0,1248
1247,-1.0,1249
1248,1.0,1250
1249,0.0,1251
1250,0.0,1252
1251,0.0,1253
1252,0.0,1254
1253,0.5,1255
1254,1.0,1256
1255,1.0,1257
1256,-1.0,1258
1257,0.0,1259
1258,-1.0,1260
1259,1.0,1261
1260,1.0,1262
1261,1.0,1263
1262,1.0,1264
1263,1.0,1265
1264,1.0,1266
1265,0.0,1267
1266,-1.0,1268
1267,0.0,1269
1268,-1.0,1270
1269,0.5,1271
1270,1.0,1272
1271,1.0,1273
1272,-1.0,1274
1273,0.5,1275
1274,1.0,1276
1275,0.0,1277
1276,0.5,1278
1277,1.0,1279
1278,0.5,1280
1279,0.5,1281
1280,0.5,1282
1281,1.0,1283
1282,0.0,1284
1283,1.0,1285
1284,1.0,1286
1285,1.0,1287
1286,1.0,1288
1287,-1.0,1289
1288,0.0,1290
1289,1.0,1291
1290,0.0,1292
1291,0.0,1293
1292,-1.0,1294
1293,0.5,1295
1294,1.0,1296
1295,1.0,1297
1296,1.0,1298
1297,0.0,1299
1298,0.5,1300
1299,1.0,1301
1300,0.5,1302
1301,-1.0,1303
1302,0.0,1304
1303,1.0,1305
1304,0.5,1306
1305,1.0,1307
1306,-1.0,1308
1307,1.0,1309
1308,0.0,1310
1309,0.0,1311
1310,-1.0,1312
1311,0.5,1313
1312,0.5,1314
1313,0.0,1315
1314,0.0,1316
1315,0.0,1317
1316,1.0,1318
1317,-1.0,1319
1318,0.5,1320
1319,-1.0,1321
1320,0.0,1322
1321,0.0,1323
1322,1.0,1324
1323,1.0,1325
1324,1.0,1326
1325,0.5,1327
1326,0.5,1328
1327,0.0,1329
1328,-1.0,1330
1329,-1.0,1331
1330,0.5,1332
1331,0.5,1333
1332,-1.0,1334
1333,1.0,1335
1334,1.0,1336
1335,1.0,1337
1336,0.5,1338
1337,-1.0,1339
1338,1.0,1340
1339,-1.0,1341
1340,0.0,1342
1341,0.5,1343
1342,1.0,1344
1343,1.0,1345
1344,0.0,1346
1345,0.5,1347
1346,1.0,1348
1347,1.0,1349
1348,1.0,1350
1349,1.0,1351
1350,1.0,1352
1351,1.0,1353
1352,0.5,1354
1353,0.5,1355
1354,-1.0,1356
1355,0.5,1357
1356,0.0,1358
1357,0.5,1359
1358,0.0,1360
1359,0.0,1361
1360,1.0,1362
1361,-1.0,1363
1362,1.0,1364
1363,0.5,1365
1364,0.0,1366
1365,1.0,1367
1366,1.0,1368
1367,-1.0,1369
1368,-1.0,1370
1369,1.0,1371
1370,-1.0,1372
1371,1.0,1373
1372,-1.0,1374
1373,-1.0,1375
1374,-1.0,1376
1375,0.0,1377
1376,1.0,1378
1377,1.0,1379
1378,0.0,1380
1379,1.0,1381
1380,1.0,1382
1381,0.5,1383
1382,0.0,1384
1383,0.0,1385
1384,1.0,1386
1385,0.0,1387
1386,0.0,1388
1387,0.5,1389
1388,0.0,1390
1389,-1.0,1391
1390,-1.0,1392
1391,0.0,1393
1392,-1.0,1394
1393,-1.0,1395
1394,0.0,1396
1395,0.0,1397
1396,0.0,1398
1397,1.0,1399
1398,1.0,1400
1399,0.0,1401
1400,1.0,1402
1401,0.0,1403
1402,0.0,1404
1403,0.0,1405
1404,0.5,1406
1405,1.0,1407
1406,-1.0,1408
1407,-1.0,1409
1408,0.0,1410
1409,-1.0,1411
1410,-1.0,1412
1411,1.0,1413
1412,0.5,1414
1413,-1.0,1415
1414,-1.0,1416
1415,0.5,1417
1416,1.0,1418
1417,0.0,1419
1418,-1.0,1420
1419,0.0,1421
1420,1.0,1422
1421,1.0,1423
1422,1.0,1424
1423,0.0,1425
1424,-1.0,1426
1425,-1.0,1427
1426,0.0,1428
1427,-1.0,1429
1428,-1.0,1430
1429,0.5,1431
1430,0.0,1432
1431,1.0,1433
1432,-1.0,1434
1433,-1.0,1435
1434,1.0,1436
1435,0.5,1437
1436,0.5,1438
1437,0.0,1439
1438,0.0,1440
1439,0.0,1441
1440,1.0,1442
1441,-1.0,1443
1442,0.5,1444
1443,1.0,1445
1444,1.0,1446
1445,1.0,1447
1446,0.0,1448
1447,0.0,1449
1448,1.0,1450
1449,0.0,1451
1450,1.0,1452
1451,0.5,1453
1452,-1.0,1454
1453,0.5,1455
1454,0.5,1456
1455,0.5,1457
1456,-1.0,1458
1457,1.0,1459
1458,1.0,1460
1459,0.0,1461
1460,1.0,1462
1461,-1.0,1463
1462,0.5,1464
1463,0.0,1465
1464,0.5,1466
1465,0.0,1467
1466,0.0,1468
1467,-1.0,1469
1468,1.0,1470
1469,1.0,1471
1470,0.5,1472
1471,1.0,1473
1472,0.0,1474
1473,-1.0,1475
1474,1.0,1476
1475,1.0,1477
1476,1.0,1478
1477,0.5,1479
1478,0.0,1480
1479,1.0,1481
1480,0.0,1482
1481,-1.0,1483
1482,1.0,1484
1483,0.5,1485
1484,1.0,1486
1485,1.0,1487
1486,0.5,1488
1487,-1.0,1489
1488,0.0,1490
1489,-1.0,1491
1490,0.5,1492
1491,1.0,1493
1492,1.0,1494
1493,0.0,1495
1494,1.0,1496
1495,0.0,1497
1496,0.0,1498
1497,1.0,1499
1498,0.0,1500
1499,1.0,1501
1500,0.5,1502
1501,-1.0,1503
1502,1.0,1504
1503,1.0,1505
1504,0.0,1506
1505,0.0,1507
1506,-1.0,1508
1507,0.0,1509
1508,1.0,1510
1509,0.0,1511
1510,1.0,1512
1511,-1.0,1513
1512,1.0,1514
1513,0.5,1515
1514,1.0,1516
1515,-1.0,1517
1516,0.5,1518
1517,0.0,1519
1518,0.5,1520
1519,-1.0,1521
1520,1.0,1522
1521,1.0,1523
1522,0.5,1524
1523,1.0,1525
1524,1.0,1526
1525,1.0,1527
1526,1.0,1528
1527,1.0,1529
1528,1.0,1530
1529,-1.0,1531
1530,0.5,1532
1531,1.0,1533
1532,0.0,1534
1533,0.0,1535
1534,1.0,1536
1535,0.5,1537
1536,0.0,1538
1537,0.5,1539
1538,0.0,1540
1539,0.5,1541
1540,1.0,1542
1541,1.0,1543
1542,0.0,1544
1543,-1.0,1545
1544,0.5,1546
1545,0.5,1547
1546,-1.0,1548
1547,1.0,1549
1548,0.0,1550
1549,0.5,1551
1550,1.0,1552
1551,0.5,1553
1552,-1.0,1554
1553,1.0,1555
1554,0.5,1556
1555,0.0,1557
1556,0.0,1558
1557,1.0,1559
1558,-1.0,1560
1559,0.0,1561
1560,0.5,1562
1561,-1.0,1563
1562,0.0,1564
1563,-1.0,1565
1564,1.0,1566
1565,1.0,1567
1566,-1.0,1568
1567,0.0,1569
1568,0.5,1570
1569,0.0,1571
1570,1.0,1572
1571,1.0,1573
1572,1.0,1574
1573,0.5,1575
1574,1.0,1576
1575,1.0,1577
1576,-1.0,1578
1577,1.0,1579
1578,1.0,1580
1579,1.0,1581
1580,-1.0,1582
1581,0.5,1583
1582,1.0,1584
1583,1.0,1585
1584,0.5,1586
1585,-1.0,1587
1586,0.0,1588
1587,0.5,1589
1588,1.0,1590
1589,1.0,1591
1590,1.0,1592
1591,1.0,1593
1592,-1.0,1594
1593,-1.0,1595
1594,1.0,1596
1595,-1.0,1597
1596,1.0,1598
1597,1.0,1599
1598,1.0,1600
1599,-1.0,1601
1600,-1.0,1602
1601,1.0,1603
1602,1.0,1604
1603,-1.0,1605
1604,0.5,1606
1605,0.5,1607
1606,1.0,1608
1607,1.0,1609
1608,0.5,1610
1609,-1.0,1611
1610,1.0,1612
1611,1.0,1613
1612,-1.0,1614
1613,1.0,1615
1614,1.0,1616
1615,0.0,1617
1616,1.0,1618
1617,0.0,1619
1618,0.5,1620
1619,1.0,1621
1620,-1.0,1622
1621,1.0,1623
1622,0.5,1624
1623,-1.0,1625
1624,0.0,1626
1625,0.0,1627
1626,1.0,1628
1627,-1.0,1629
1628,1.0,1630
1629,0.5,1631
1630,-1.0,1632
1631,0.0,1633
1632,0.0,1634
1633,1.0,1635
1634,0.5,1636
1635,-1.0,1637
1636,1.0,1638
1637,1.0,1639
1638,1.0,1640
1639,0.0,1641
1640,1.0,1642
1641,-1.0,1643
1642,0.0,1644
1643,0.5,1645
1644,0.5,1646
1645,1.0,1647
1646,1.0,1648
1647,1.0,1649
1648,0.0,1650
1649,-1.0,1651
1650,1.0,1652
1651,0.5,1653
1652,-1.0,1654
1653,-1.0,1655
1654,-1.0,1656
1655,1.0,1657
1656,0.0,1658
1657,0.5,1659
1658,0.5,1660
1659,-1.0,1661
1660,-1.0,1662
1661,0.5,1663
1662,0.5,1664
1663,0.0,1665
1664,1.0,1666
1665,1.0,1667
1666,0.0,1668
1667,0.0,1669
1668,0.0,1670
1669,1.0,1671
1670,0.0,1672
1671,-1.0,1673
1672,-1.0,1674
1673,0.0,1675
1674,0.0,1676
1675,1.0,1677
1676,-1.0,1678
1677,-1.0,1679
1678,0.5,1680
1679,1.0,1681
1680,-1.0,1682
1681,1.0,1683
1682,0.0,1684
1683,0.5,1685
1684,1.0,1686
1685,0.0,1687
1686,0.5,1688
1687,0.5,1689
1688,0.5,1690
1689,0.0,1691
1690,1.0,1692
1691,1.0,1693
1692,1.0,1694
1693,-1.0,1695
1694,0.0,1696
1695,0.0,1697
1696,0.0,1698
1697,1.0,1699
1698,0.0,1700
1699,0.5,1701
1700,0.0,1702
1701,-1.0,1703
1702,-1.0,1704
1703,0.5,1705
1704,-1.0,1706
1705,0.0,1707
1706,1.0,1708
1707,1.0,1709
1708,0.0,1710
1709,1.0,1711
1710,0.0,1712
1711,0.5,1713
1712,1.0,1714
1713,0.5,1715
1714,0.0,1716
1715,-1.0,1717
1716,-1.0,1718
1717,1.0,1719
1718,0.5,1720
1719,1.0,1721
1720,-1.0,1722
1721,0.0,1723
1722,1.0,1724
1723,0.0,1725
1724,-1.0,1726
1725,1.0,1727
1726,0.0,1728
1727,1.0,1729
1728,0.0,1730
1729,1.0,1731
1730,1.0,1732
1731,1.0,1733
1732,1.0,1734
1733,0.0,1735
1734,-1.0,1736
1735,0.5,1737
1736,0.5,1738
1737,-1.0,1739
1738,-1.0,1740
1739,1.0,1741
1740,0.5,1742
1741,0.0,1743
1742,1.0,1744
1743,1.0,1745
1744,1.0,1746
1745,0.5,1747
1746,1.0,1748
1747,-1.0,1749
1748,1.0,1750
1749,0.0,1751
1750,1.0,1752
1751,-1.0,1753
1752,0.0,1754
1753,-1.0,1755
1754,-1.0,1756
1755,0.0,1757
1756,-1.0,1758
1757,0.0,1759
1758,1.0,1760
1759,-1.0,1761
1760,1.0,1762
1761,1.0,1763
1762,-1.0,1764
1763,-1.0,1765
1764,1.0,1766
1765,1.0,1767
1766,1.0,1768
1767,-1.0,1769
1768,-1.0,1770
1769,1.0,1771
1770,0.0,1772
1771,0.5,1773
1772,-1.0,1774
1773,-1.0,1775
1774,1.0,1776
1775,0.5,1777
1776,0.0,1778
1777,-1.0,1779
1778,0.5,1780
1779,0.0,1781
1780,1.0,1782
1781,1.0,1783
1782,0.0,1784
1783,0.0,1785
1784,1.0,1786
1785,1.0,1787
1786,-1.0,1788
1787,0.0,1789
1788,1.0,1790
1789,0.0,1791
1790,1.0,1792
1791,1.0,1793
1792,-1.0,1794
1793,1.0,1795
1794,1.0,1796
1795,-1.0,1797
1796,0.0,1798
1797,1.0,1799
1798,-1.0,1800
1799,1.0,1801
1800,1.0,1802
1801,0.0,1803
1802,0.5,1804
1803,1.0,1805
1804,1.0,1806
1805,0.5,1807
1806,-1.0,1808
1807,0.0,1809
1808,1.0,1810
1809,-1.0,1811
1810,0.0,1812
1811,-1.0,1813
1812,-1.0,1814
1813,-1.0,1815
1814,0.0,1816
1815,1.0,1817
1816,0.0,1818
1817,0.0,1819
1818,0.0,1820
1819,0.5,1821
1820,-1.0,1822
1821,-1.0,1823
1822,1.0,1824
1823,1.0,1825
1824,-1.0,1826
1825,-1.0,1827
1826,0.5,1828
1827,0.0,1829
1828,-1.0,1830
1829,1.0,1831
1830,0.5,1832
1831,0.0,1833
1832,0.0,1834
1833,0.0,1835
1834,0.0,1836
1835,0.0,1837
1836,0.0,1838
1837,0.5,1839
1838,1.0,1840
1839,0.0,1841
1840,1.0,1842
1841,-1.0,1843
1842,1.0,1844
1843,-1.0,1845
1844,1.0,1846
1845,1.0,1847
1846,1.0,1848
1847,0.0,1849
1848,0.0,1850
1849,1.0,1851
1850,0.0,1852
1851,1.0,1853
1852,0.0,1854
1853,1.0,1855
1854,1.0,1856
1855,1.0,1857
1856,-1.0,1858
1857,0.5,1859
1858,1.0,1860
1859,-1.0,1861
1860,1.0,1862
1861,0.5,1863
1862,0.0,1864
1863,0.0,1865
1864,1.0,1866
1865,0.0,1867
1866,0.0,1868
1867,0.5,1869
1868,-1.0,1870
1869,1.0,1871
1870,1.0,1872
1871,0.0,1873
1872,1.0,1874
1873,0.0,1875
1874,-1.0,1876
1875,-1.0,1877
1876,0.0,1878
1877,1.0,1879
1878,0.5,1880
1879,0.5,1881
1880,-1.0,1882
1881,-1.0,1883
1882,1.0,1884
1883,1.0,1885
1884,1.0,1886
1885,0.0,1887
1886,1.0,1888
1887,1.0,1889
1888,0.5,1890
1889,0.0,1891
1890,0.5,1892
1891,0.5,1893
1892,1.0,1894
1893,0.0,1895
1894,-1.0,1896
1895,1.0,1897
1896,0.5,1898
1897,-1.0,1899
1898,0.0,1900
1899,0.5,1901
1900,0.0,1902
1901,0.0,1903
1902,0.0,1904
1903,0.0,1905
1904,0.0,1906
1905,-1.0,1907
1906,-1.0,1908
1907,0.0,1909
1908,-1.0,1910
1909,-1.0,1911
1910,1.0,1912
1911,1.0,1913
1912,0.0,1914
1913,1.0,1915
1914,0.0,1916
1915,0.5,1917
1916,1.0,1918
1917,-1.0,1919
1918,1.0,1920
1919,-1.0,1921
1920,0.5,1922
1921,0.5,1923
1922,1.0,1924
1923,-1.0,1925
1924,-1.0,1926
1925,0.0,1927
1926,0.5,1928
1927,-1.0,1929
1928,-1.0,1930
1929,0.5,1931
1930,1.0,1932
1931,0.0,1933
1932,0.5,1934
1933,1.0,1935
1934,0.5,1936
1935,0.5,1937
1936,0.5,1938
1937,-1.0,1939
1938,-1.0,1940
1939,-1.0,1941
1940,-1.0,1942
1941,-1.0,1943
1942,1.0,1944
1943,0.5,1945
1944,1.0,1946
1945,-1.0,1947
1946,-1.0,1948
1947,0.0,1949
1948,0.0,1950
1949,1.0,1951
1950,0.5,1952
1951,-1.0,1953
1952,0.0,1954
1953,0.0,1955
1954,-1.0,1956
1955,1.0,1957
1956,0.0,1958
1957,0.5,1959
1958,1.0,1960
1959,1.0,1961
1960,0.0,1962
1961,0.0,1963
1962,0.5,1964
1963,0.0,1965
1964,1.0,1966
1965,-1.0,1967
1966,0.0,1968
1967,1.0,1969
1968,1.0,1970
1969,0.5,1971
1970,1.0,1972
1971,-1.0,1973
1972,1.0,1974
1973,0.5,1975
1974,0.0,1976
1975,1.0,1977
1976,0.5,1978
1977,1.0,1979
1978,-1.0,1980
1979,-1.0,1981
1980,-1.0,1982
1981,1.0,1983
1982,0.5,1984
1983,1.0,1985
1984,0.5,1986
1985,1.0,1987
1986,-1.0,1988
1987,1.0,1989
1988,1.0,1990
1989,1.0,1991
1990,-1.0,1992
1991,0.5,1993
1992,-1.0,1994
1993,0.0,1995
1994,-1.0,1996
1995,1.0,1997
1996,1.0,1998
1997,1.0,1999
1998,1.0,2000
1999,0.0,2001
2000,1.0,2002
2001,0.5,2003
2002,1.0,2004
2003,1.0,2005
2004,1.0,2006
2005,0.0,2007
2006,0.5,2008
2007,0.0,2009
2008,1.0,2010
2009,-1.0,2011
2010,1.0,2012
2011,0.0,2013
2012,0.0,2014
2013,1.0,2015
2014,0.0,2016
2015,1.0,2017
2016,0.5,2018
2017,0.0,2019
2018,1.0,2020
2019,0.5,2021
2020,-1.0,2022
2021,0.0,2023
2022,0.0,2024
2023,1.0,2025
2024,1.0,2026
2025,-1.0,2027
2026,1.0,2028
2027,0.0,2029
2028,1.0,2030
2029,-1.0,2031
2030,1.0,2032
2031,0.5,2033
2032,0.0,2034
2033,0.0,2035
2034,1.0,2036
2035,0.0,2037
2036,1.0,2038
2037,-1.0,2039
2038,1.0,2040
2039,-1.0,2041
2040,1.0,2042
2041,-1.0,2043
2042,1.0,2044
2043,-1.0,2045
2044,0.0,2046
2045,1.0,2047
2046,0.5,2048
2047,0.5,2049
2048,1.0,2050
2049,-1.0,2051
2050,1.0,2052
2051,-1.0,2053
2052,1.0,2054
2053,1.0,2055
2054,-1.0,2056
2055,1.0,2057
2056,1.0,2058
2057,0.0,2059
2058,1.0,2060
2059,1.0,2061
2060,0.5,2062
2061,0.0,2063
2062,0.0,2064
2063,1.0,2065
2064,-1.0,2066
2065,1.0,2067
2066,-1.0,2068
2067,0.5,2069
2068,-1.0,2070
2069,-1.0,2071
2070,0.0,2072
2071,0.5,2073
2072,0.5,2074
2073,1.0,2075
2074,1.0,2076
2075,1.0,2077
2076,0.0,2078
2077,-1.0,2079
2078,1.0,2080
2079,1.0,2081
2080,0.0,2082
2081,0.0,2083
2082,0.0,2084
2083,1.0,2085
2084,1.0,2086
2085,-1.0,2087
2086,0.5,2088
2087,0.0,2089
2088,-1.0,2090
2089,1.0,2091
2090,1.0,2092
2091,1.0,2093
2092,1.0,2094
2093,1.0,2095
2094,0.5,2096
2095,0.0,2097
2096,1.0,2098
2097,0.0,2099
2098,-1.0,2100
2099,1.0,2101
2100,0.5,2102
2101,1.0,2103
2102,-1.0,2104
2103,-1.0,2105
2104,0.5,2106
2105,-1.0,2107
2106,0.0,2108
2107,0.0,2109
2108,-1.0,2110
2109,1.0,2111
2110,1.0,2112
2111,0.5,2113
2112,0.5,2114
2113,1.0,2115
2114,0.0,2116
2115,0.0,2117
2116,-1.0,2118
2117,0.0,2119
2118,0.5,2120
2119,0.0,2121
2120,1.0,2122
2121,-1.0,2123
2122,-1.0,2124
2123,0.5,2125
2124,0.0,2126
2125,0.0,2127
2126,1.0,2128
2127,1.0,2129
2128,-1.0,2130
2129,-1.0,2131
2130,1.0,2132
2131,1.0,2133
2132,0.0,2134
2133,-1.0,2135
2134,-1.0,2136
2135,0.0,2137
2136,0.0,2138
2137,0.5,2139
2138,0.0,2140
2139,0.5,2141
2140,0.5,2142
2141,1.0,2143
2142,-1.0,2144
2143,-1.0,2145
2144,1.0,2146
2145,-1.0,2147
2146,1.0,2148
2147,0.5,2149
2148,0.5,2150
2149,0.0,2151
2150,0.0,2152
2151,0.5,2153
2152,0.0,2154
2153,1.0,2155
2154,1.0,2156
2155,1.0,2157
2156,1.0,2158
2157,0.5,2159
2158,1.0,2160
2159,1.0,2161
2160,0.0,2162
2161,0.5,2163
2162,1.0,2164
2163,0.5,2165
2164,1.0,2166
2165,1.0,2167
2166,-1.0,2168
2167,0.5,2169
2168,1.0,2170
2169,0.5,2171
2170,-1.0,2172
2171,1.0,2173
2172,0.0,2174
2173,0.0,2175
2174,0.5,2176
2175,0.0,2177
2176,1.0,2178
2177,0.0,2179
2178,1.0,2180
2179,1.0,2181
2180,1.0,2182
2181,-1.0,2183
2182,-1.0,2184
2183,1.0,2185
2184,1.0,2186
2185,0.0,2187
2186,0.0,2188
2187,0.5,2189
2188,0.0,2190
2189,-1.0,2191
2190,1.0,2192
2191,0.0,2193
2192,0.0,2194
2193,1.0,2195
2194,1.0,2196
2195,-1.0,2197
2196,1.0,2198
2197,0.0,2199
2198,0.0,2200
2199,-1.0,2201
2200,0.5,2202
2201,1.0,2203
2202,-1.0,2204
2203,0.0,2205
2204,0.0,2206
2205,1.0,2207
2206,1.0,2208
2207,-1.0,2209
2208,1.0,2210
2209,0.0,2211
2210,0.5,2212
2211,1.0,2213
2212,1.0,2214
2213,1.0,2215
2214,1.0,2216
2215,-1.0,2217
2216,0.0,2218
2217,1.0,2219
2218,0.0,2220
2219,-1.0,2221
2220,0.0,2222
2221,0.0,2223
2222,1.0,2224
2223,-1.0,2225
2224,0.0,2226
2225,1.0,2227
2226,0.5,2228
2227,1.0,2229
2228,-1.0,2230
2229,-1.0,2231
2230,-1.0,2232
2231,1.0,2233
2232,1.0,2234
2233,1.0,2235
2234,-1.0,2236
2235,0.0,2237
2236,0.0,2238
2237,0.0,2239
2238,1.0,2240
2239,-1.0,2241
2240,0.0,2242
2241,0.5,2243
2242,1.0,2244
2243,1.0,2245
2244,1.0,2246
2245,1.0,2247
2246,0.0,2248
2247,0.5,2249
2248,0.0,2250
2249,1.0,2251
2250,-1.0,2252
2251,-1.0,2253
2252,0.0,2254
2253,-1.0,2255
2254,0.0,2256
2255,0.0,2257
2256,1.0,2258
2257,0.5,2259
2258,1.0,2260
2259,0.0,2261
2260,-1.0,2262
2261,1.0,2263
2262,1.0,2264
2263,-1.0,2265
2264,-1.0,2266
2265,-1.0,2267
2266,1.0,2268
2267,1.0,2269
2268,1.0,2270
2269,0.0,2271
2270,-1.0,2272
2271,0.5,2273
2272,-1.0,2274
2273,-1.0,2275
2274,1.0,2276
2275,1.0,2277
2276,-1.0,2278
2277,0.5,2279
2278,0.5,2280
2279,1.0,2281
2280,1.0,2282
2281,1.0,2283
2282,-1.0,2284
2283,0.0,2285
2284,0.0,2286
2285,0.5,2287
2286,1.0,2288
2287,1.0,2289
2288,0.5,2290
2289,0.0,2291
2290,-1.0,2292
2291,1.0,2293
2292,1.0,2294
2293,0.0,2295
2294,1.0,2296
2295,-1.0,2297
2296,0.0,2298
2297,0.0,2299
2298,1.0,2300
2299,1.0,2301
2300,1.0,2302
2301,-1.0,2303
2302,0.5,2304
2303,1.0,2305
2304,0.0,2306
2305,0.5,2307
2306,0.5,2308
2307,0.0,2309
2308,1.0,2310
2309,1.0,2311
2310,0.0,2312
2311,1.0,2313
2312,1.0,2314
2313,0.0,2315
2314,0.5,2316
2315,0.0,2317
2316,1.0,2318
2317,0.5,2319
2318,1.0,2320
2319,1.0,2321
2320,0.0,2322
2321,0.5,2323
2322,1.0,2324
2323,1.0,2325
2324,0.5,2326
2325,0.5,2327
2326,1.0,2328
2327,0.5,2329
2328,0.0,2330
2329,1.0,2331
2330,-1.0,2332
2331,-1.0,2333
2332,0.0,2334
2333,1.0,2335
2334,-1.0,2336
2335,1.0,2337
2336,1.0,2338
2337,-1.0,2339
2338,0.5,2340
2339,-1.0,2341
2340,1.0,2342
2341,-1.0,2343
2342,1.0,2344
2343,0.0,2345
2344,1.0,2346
2345,0.5,2347
2346,0.0,2348
2347,-1.0,2349
2348,0.0,2350
2349,1.0,2351
2350,1.0,2352
2351,0.0,2353
2352,1.0,2354
2353,1.0,2355
2354,-1.0,2356
2355,-1.0,2357
2356,1.0,2358
2357,0.5,2359
2358,0.5,2360
2359,1.0,2361
2360,0.0,2362
2361,0.0,2363
2362,1.0,2364
2363,1.0,2365
2364,1.0,2366
2365,0.0,2367
2366,1.0,2368
2367,0.0,2369
2368,1.0,2370
2369,1.0,2371
2370,0.5,2372
2371,-1.0,2373
2372,-1.0,2374
2373,0.0,2375
2374,1.0,2376
2375,0.0,2377
2376,0.0,2378
2377,1.0,2379
2378,0.5,2380
2379,1.0,2381
2380,0.5,2382
2381,1.0,2383
2382,-1.0,2384
2383,1.0,2385
2384,0.0,2386
2385,0.0,2387
2386,-1.0,2388
2387,0.0,2389
2388,0.0,2390
2389,-1.0,2391
2390,0.0,2392
2391,0.5,2393
2392,-1.0,2394
2393,1.0,2395
2394,-1.0,2396
2395,1.0,2397
2396,0.0,2398
2397,0.0,2399
2398,0.0,2400
2399,1.0,2401
2400,0.0,2402
2401,1.0,2403
2402,1.0,2404
2403,1.0,2405
2404,1.0,2406
2405,1.0,2407
2406,1.0,2408
2407,-1.0,2409
2408,-1.0,2410
2409,0.5,2411
2410,1.0,2412
2411,0.5,2413
2412,1.0,2414
2413,1.0,2415
2414,1.0,2416
2415,0.5,2417
2416,-1.0,2418
2417,0.0,2419
2418,1.0,2420
2419,-1.0,2421
2420,-1.0,2422
2421,0.5,2423
2422,1.0,2424
2423,1.0,2425
2424,0.5,2426
2425,0.0,2427
2426,1.0,2428
2427,-1.0,2429
2428,-1.0,2430
2429,0.0,2431
2430,0.0,2432
2431,0.0,2433
2432,0.0,2434
2433,0.0,2435
2434,0.0,2436
2435,0.0,2437
2436,0.0,2438
2437,0.5,2439
2438,0.5,2440
2439,1.0,2441
2440,1.0,2442
2441,-1.0,2443
2442,1.0,2444
2443,0.5,2445
2444,-1.0,2446
2445,1.0,2447
2446,0.0,2448
2447,0.0,2449
2448,-1.0,2450
2449,1.0,2451
2450,1.0,2452
2451,-1.0,2453
2452,0.0,2454
2453,0.0,2455
2454,-1.0,2456
2455,0.0,2457
2456,0.5,2458
2457,0.0,2459
2458,1.0,2460
2459,1.0,2461
2460,1.0,2462
2461,-1.0,2463
2462,0.0,2464
2463,0.0,2465
2464,0.0,2466
2465,0.0,2467
2466,1.0,2468
2467,1.0,2469
2468,1.0,2470
2469,-1.0,2471
2470,1.0,2472
2471,0.5,2473
2472,0.0,2474
2473,-1.0,2475
2474,0.5,2476
2475,-1.0,2477
2476,1.0,2478
2477,1.0,2479
2478,-1.0,2480
2479,1.0,2481
2480,1.0,2482
2481,0.5,2483
2482,0.5,2484
2483,1.0,2485
2484,0.0,2486
2485,1.0,2487
2486,1.0,2488
2487,0.0,2489
2488,0.5,2490
2489,1.0,2491
2490,1.0,2492
2491,0.5,2493
2492,1.0,2494
2493,-1.0,2495
2494,-1.0,2496
2495,0.0,2497
2496,1.0,2498
2497,0.5,2499
2498,-1.0,2500
2499,0.5,2501
2500,0.5,2502
2501,-1.0,2503
2502,1.0,2504
2503,1.0,2505
2504,-1.0,2506
2505,1.0,2507
2506,1.0,2508
2507,1.0,2509
2508,0.0,2510
2509,1.0,2511
2510,1.0,2512
2511,0.5,2513
2512,1.0,2514
2513,0.5,2515
2514,0.0,2516
2515,1.0,2517
2516,-1.0,2518
2517,1.0,2519
2518,1.0,2520
2519,-1.0,2521
2520,-1.0,2522
2521,1.0,2523
2522,1.0,2524
2523,0.5,2525
2524,0.5,2526
2525,0.5,2527
2526,1.0,2528
2527,1.0,2529
2528,-1.0,2530
2529,0.0,2531
2530,0.0,2532
2531,0.0,2533
2532,0.5,2534
2533,0.0,2535
2534,1.0,2536
2535,0.0,2537
2536,0.5,2538
2537,-1.0,2539
2538,1.0,2540
2539,1.0,2541
2540,1.0,2542
2541,1.0,2543
2542,-1.0,2544
2543,1.0,2545
2544,0.5,2546
2545,0.5,2547
2546,1.0,2548
2547,0.0,2549
2548,-1.0,2550
2549,-1.0,2551
2550,-1.0,2552
2551,1.0,2553
2552,0.0,2554
2553,0.0,2555
2554,1.0,2556
2555,0.0,2557
2556,1.0,2558
2557,0.0,2559
2558,-1.0,2560
2559,-1.0,2561
2560,1.0,2562
2561,1.0,2563
2562,0.0,2564
2563,1.0,2565
2564,0.0,2566
2565,0.0,2567
2566,0.0,2568
2567,1.0,2569
2568,1.0,2570
2569,0.5,2571
2570,1.0,2572
2571,1.0,2573
2572,0.5,2574
2573,0.0,2575
2574,-1.0,2576
2575,0.0,2577
2576,1.0,2578
2577,-1.0,2579
2578,1.0,2580
2579,1.0,2581
2580,1.0,2582
2581,1.0,2583
2582,0.0,2584
2583,0.5,2585
2584,-1.0,2586
2585,1.0,2587
2586,0.0,2588
2587,1.0,2589
2588,0.5,2590
2589,-1.0,2591
2590,0.0,2592
2591,-1.0,2593
2592,-1.0,2594
2593,0.0,2595
2594,0.0,2596
2595,0.5,2597
2596,-1.0,2598
2597,0.0,2599
2598,1.0,2600
2599,0.0,2601
2600,1.0,2602
2601,-1.0,2603
2602,0.0,2604
2603,1.0,2605
2604,-1.0,2606
2605,-1.0,2607
2606,0.0,2608
2607,-1.0,2609
2608,0.0,2610
2609,0.5,2611
2610,0.5,2612
2611,0.5,2613
2612,1.0,2614
2613,0.0,2615
2614,-1.0,2616
2615,0.0,2617
2616,0.5,2618
2617,1.0,2619
2618,1.0,2620
2619,0.0,2621
2620,0.0,2622
2621,1.0,2623
2622,-1.0,2624
2623,0.5,2625
2624,0.0,2626
2625,0.0,2627
2626,1.0,2628
2627,0.0,2629
2628,0.5,2630
2629,1.0,2631
2630,0.0,2632
2631,0.0,2633
2632,1.0,2634
2633,0.5,2635
2634,0.0,2636
2635,0.0,2637
2636,-1.0,2638
2637,0.5,2639
2638,0.0,2640
2639,1.0,2641
2640,1.0,2642
2641,0.0,2643
2642,1.0,2644
2643,1.0,2645
2644,1.0,2646
2645,-1.0,2647
2646,1.0,2648
2647,1.0,2649
2648,-1.0,2650
2649,0.5,2651
2650,0.5,2652
2651,1.0,2653
2652,-1.0,2654
2653,0.0,2655
2654,1.0,2656
2655,0.5,2657
2656,1.0,2658
2657,1.0,2659
2658,-1.0,2660
2659,1.0,2661
2660,1.0,2662
2661,0.0,2663
2662,1.0,2664
2663,1.0,2665
2664,0.5,2666
2665,0.5,2667
2666,-1.0,2668
2667,1.0,2669
2668,1.0,2670
2669,1.0,2671
2670,1.0,2672
2671,0.5,2673
2672,1.0,2674
2673,0.5,2675
2674,0.5,2676
2675,-1.0,2677
2676,-1.0,2678
2677,-1.0,2679
2678,1.0,2680
2679,1.0,2681
2680,0.5,2682
2681,0.0,2683
2682,1.0,2684
2683,-1.0,2685
2684,-1.0,2686
2685,0.0,2687
2686,-1.0,2688
2687,0.0,2689
2688,1.0,2690
2689,1.0,2691
2690,0.0,2692
2691,-1.0,2693
2692,0.0,2694
2693,0.5,2695
2694,-1.0,2696
2695,1.0,2697
2696,-1.0,2698
2697,1.0,2699
2698,1.0,2700
2699,0.5,2701
2700,-1.0,2702
2701,0.0,2703
2702,1.0,2704
2703,0.0,2705
2704,-1.0,2706
2705,-1.0,2707
2706,0.5,2708
2707,0.5,2709
2708,0.0,2710
2709,0.0,2711
2710,-1.0,2712
2711,1.0,2713
2712,0.0,2714
2713,-1.0,2715
2714,1.0,2716
2715,1.0,2717
2716,1.0,2718
2717,-1.0,2719
2718,1.0,2720
2719,0.0,2721
2720,1.0,2722
2721,1.0,2723
2722,-1.0,2724
2723,-1.0,2725
2724,-1.0,2726
2725,0.5,2727
2726,1.0,2728
2727,0.0,2729
2728,0.0,2730
2729,1.0,2731
2730,-1.0,2732
2731,1.0,2733
2732,0.0,2734
2733,1.0,2735
2734,1.0,2736
2735,0.0,2737
2736,0.0,2738
2737,1.0,2739
2738,-1.0,2740
2739,1.0,2741
2740,1.0,2742
2741,1.0,2743
2742,0.0,2744
2743,0.0,2745
2744,0.0,2746
2745,0.0,2747
2746,1.0,2748
2747,1.0,2749
2748,1.0,2750
2749,1.0,2751
2750,0.5,2752
2751,0.0,2753
2752,0.0,2754
2753,1.0,2755
2754,0.0,2756
2755,1.0,2757
2756,1.0,2758
2757,0.5,2759
2758,1.0,2760
2759,1.0,2761
2760,1.0,2762
2761,0.5,2763
2762,1.0,2764
2763,0.5,2765
2764,1.0,2766
2765,0.0,2767
2766,0.5,2768
2767,-1.0,2769
2768,0.0,2770
2769,0.0,2771
2770,0.0,2772
2771,-1.0,2773
2772,0.0,2774
2773,-1.0,2775
2774,0.0,2776
2775,-1.0,2777
2776,0.0,2778
2777,1.0,2779
2778,0.0,2780
2779,1.0,2781
2780,-1.0,2782
2781,-1.0,2783
2782,1.0,2784
2783,1.0,2785
2784,1.0,2786
2785,-1.0,2787
2786,0.0,2788
2787,1.0,2789
2788,1.0,2790
2789,-1.0,2791
2790,-1.0,2792
2791,1.0,2793
2792,1.0,2794
2793,0.0,2795
2794,1.0,2796
2795,1.0,2797
2796,0.5,2798
2797,1.0,2799
2798,1.0,2800
2799,1.0,2801
2800,1.0,2802
2801,0.5,2803
2802,1.0,2804
2803,1.0,2805
2804,-1.0,2806
2805,0.0,2807
2806,-1.0,2808
2807,0.0,2809
2808,0.0,2810
2809,0.0,2811
2810,1.0,2812
2811,0.0,2813
2812,0.0,2814
2813,1.0,2815
2814,1.0,2816
2815,0.0,2817
2816,1.0,2818
2817,0.5,2819
2818,0.0,2820
2819,-1.0,2821
2820,0.0,2822
2821,-1.0,2823
2822,1.0,2824
2823,0.0,2825
2824,0.0,2826
2825,0.0,2827
2826,1.0,2828
2827,0.0,2829
2828,1.0,2830
2829,1.0,2831
2830,-1.0,2832
2831,1.0,2833
2832,0.0,2834
2833,0.5,2835
2834,0.0,2836
2835,1.0,2837
2836,1.0,2838
2837,-1.0,2839
2838,0.0,2840
2839,0.5,2841
2840,0.5,2842
2841,0.0,2843
2842,0.0,2844
2843,0.0,2845
2844,-1.0,2846
2845,1.0,2847
2846,1.0,2848
2847,0.0,2849
2848,0.0,2850
2849,0.5,2851
2850,-1.0,2852
2851,0.0,2853
2852,0.5,2854
2853,-1.0,2855
2854,0.0,2856
2855,0.0,2857
2856,1.0,2858
2857,1.0,2859
2858,1.0,2860
2859,-1.0,2861
2860,-1.0,2862
2861,0.0,2863
2862,1.0,2864
2863,0.0,2865
2864,0.0,2866
2865,1.0,2867
2866,-1.0,2868
2867,-1.0,2869
2868,0.0,2870
2869,0.0,2871
2870,0.0,2872
2871,0.5,2873
2872,1.0,2874
2873,0.0,2875
2874,1.0,2876
2875,1.0,2877
2876,0.5,2878
2877,1.0,2879
2878,1.0,2880
2879,0.0,2881
2880,0.0,2882
2881,0.5,2883
2882,-1.0,2884
2883,-1.0,2885
2884,0.0,2886
2885,0.0,2887
2886,1.0,2888
2887,1.0,2889
2888,1.0,2890
2889,1.0,2891
2890,1.0,2892
2891,0.5,2893
2892,-1.0,2894
2893,0.5,2895
2894,-1.0,2896
2895,0.0,2897
2896,1.0,2898
2897,0.5,2899
2898,-1.0,2900
2899,-1.0,2901
2900,0.0,2902
2901,0.5,2903
2902,-1.0,2904
2903,0.0,2905
2904,0.5,2906
2905,1.0,2907
2906,1.0,2908
2907,0.5,2909
2908,1.0,2910
2909,1.0,2911
2910,0.0,2912
2911,1.0,2913
2912,1.0,2914
2913,0.0,2915
2914,0.0,2916
2915,0.0,2917
2916,-1.0,2918
2917,-1.0,2919
2918,1.0,2920
2919,0.0,2921
2920,1.0,2922
2921,0.5,2923
2922,0.0,2924
2923,0.0,2925
2924,-1.0,2926
2925,1.0,2927
2926,0.0,2928
2927,0.5,2929
2928,-1.0,2930
2929,1.0,2931
2930,1.0,2932
2931,0.0,2933
2932,0.0,2934
2933,1.0,2935
2934,0.0,2936
2935,0.0,2937
2936,0.0,2938
2937,1.0,2939
2938,-1.0,2940
2939,0.5,2941
2940,1.0,2942
2941,0.0,2943
2942,-1.0,2944
2943,-1.0,2945
2944,1.0,2946
2945,0.5,2947
2946,0.5,2948
2947,0.5,2949
2948,0.0,2950
2949,-1.0,2951
2950,1.0,2952
2951,0.5,2953
2952,1.0,2954
2953,1.0,2955
2954,1.0,2956
2955,1.0,2957
2956,-1.0,2958
2957,0.0,2959
2958,0.5,2960
2959,1.0,2961
2960,-1.0,2962
2961,0.5,2963
2962,-1.0,2964
2963,1.0,2965
2964,0.0,2966
2965,0.0,2967
2966,0.5,2968
2967,1.0,2969
2968,0.5,2970
2969,0.0,2971
2970,0.0,2972
2971,0.5,2973
2972,0.0,2974
2973,0.0,2975
2974,1.0,2976
2975,1.0,2977
2976,0.0,2978
2977,1.0,2979
2978,0.0,2980
2979,1.0,2981
2980,0.0,2982
2981,1.0,2983
2982,1.0,2984
2983,-1.0,2985
2984,1.0,2986
2985,1.0,2987
2986,-1.0,2988
2987,0.5,2989
2988,0.0,2990
2989,0.5,2991
2990,-1.0,2992
2991,0.5,2993
2992,1.0,2994
2993,0.0,2995
2994,0.0,2996
2995,1.0,2997
2996,0.5,2998
2997,0.0,2999
2998,1.0,3000
2999,0.0,3001
3000,0.0,3002
3001,0.5,3003
3002,1.0,3004
3003,0.0,3005
3004,0.0,3006
3005,0.0,3007
3006,0.0,3008
3007,0.0,3009
3008,0.0,3010
3009,1.0,3011
3010,0.5,3012
3011,-1.0,3013
3012,0.5,3014
3013,0.0,3015
3014,1.0,3016
3015,1.0,3017
3016,0.0,3018
3017,-1.0,3019
3018,-1.0,3020
3019,1.0,3021
3020,0.5,3022
3021,-1.0,3023
3022,0.0,3024
3023,1.0,3025
3024,0.0,3026
3025,1.0,3027
3026,-1.0,3028
3027,0.5,3029
3028,1.0,3030
3029,0.5,3031
3030,1.0,3032
3031,1.0,3033
3032,0.0,3034
3033,1.0,3035
3034,-1.0,3036
3035,0.0,3037
3036,0.0,3038
3037,1.0,3039
3038,0.0,3040
3039,1.0,3041
3040,-1.0,3042
3041,-1.0,3043
3042,0.0,3044
3043,-1.0,3045
3044,0.0,3046
3045,1.0,3047
3046,1.0,3048
3047,0.0,3049
3048,-1.0,3050
3049,0.0,3051
3050,-1.0,3052
3051,0.5,3053
3052,-1.0,3054
3053,-1.0,3055
3054,0.5,3056
3055,-1.0,3057
3056,-1.0,3058
3057,1.0,3059
3058,0.0,3060
3059,1.0,3061
3060,-1.0,3062
3061,0.0,3063
3062,0.5,3064
3063,0.0,3065
3064,0.0,3066
3065,1.0,3067
3066,0.5,3068
3067,0.0,3069
3068,0.0,3070
3069,0.0,3071
3070,0.5,3072
3071,-1.0,3073
3072,-1.0,3074
3073,-1.0,3075
3074,0.5,3076
3075,1.0,3077
3076,1.0,3078
3077,-1.0,3079
3078,0.0,3080
3079,0.0,3081
3080,0.5,3082
3081,0.5,3083
3082,0.0,3084
3083,-1.0,3085
3084,-1.0,3086
3085,0.5,3087
3086,-1.0,3088
3087,0.0,3089
3088,0.0,3090
3089,1.0,3091
3090,1.0,3092
3091,0.0,3093
3092,1.0,3094
3093,0.5,3095
3094,0.0,3096
3095,1.0,3097
3096,1.0,3098
3097,1.0,3099
3098,-1.0,3100
3099,-1.0,3101
3100,0.0,3102
3101,1.0,3103
3102,0.0,3104
3103,1.0,3105
3104,1.0,3106
3105,0.0,3107
3106,1.0,3108
3107,0.0,3109
3108,0.0,3110
3109,1.0,3111
3110,0.0,3112
3111,0.0,3113
3112,0.5,3114
3113,1.0,3115
3114,-1.0,3116
3115,1.0,3117
3116,0.0,3118
3117,1.0,3119
3118,1.0,3120
3119,1.0,3121
3120,1.0,3122
3121,-1.0,3123
3122,0.0,3124
3123,1.0,3125
3124,-1.0,3126
3125,0.0,3127
3126,1.0,3128
3127,0.5,3129
3128,0.5,3130
3129,0.0,3131
3130,0.5,3132
3131,0.0,3133
3132,1.0,3134
3133,0.5,3135
3134,0.0,3136
3135,1.0,3137
3136,1.0,3138
3137,0.0,3139
3138,-1.0,3140
3139,1.0,3141
3140,1.0,3142
3141,1.0,3143
3142,1.0,3144
3143,0.0,3145
3144,0.5,3146
3145,1.0,3147
3146,0.5,3148
3147,1.0,3149
3148,-1.0,3150
3149,1.0,3151
3150,1.0,3152
3151,0.0,3153
3152,1.0,3154
3153,1.0,3155
3154,-1.0,3156
3155,0.0,3157
3156,-1.0,3158
3157,0.5,3159
3158,0.5,3160
3159,0.5,3161
3160,1.0,3162
3161,1.0,3163
3162,-1.0,3164
3163,1.0,3165
3164,0.0,3166
3165,1.0,3167
3166,-1.0,3168
3167,0.5,3169
3168,1.0,3170
3169,0.0,3171
3170,-1.0,3172
3171,-1.0,3173
3172,0.0,3174
3173,0.5,3175
3174,-1.0,3176
3175,-1.0,3177
3176,1.0,3178
3177,-1.0,3179
3178,1.0,3180
3179,1.0,3181
3180,0.0,3182
3181,-1.0,3183
3182,0.0,3184
3183,-1.0,3185
3184,0.0,3186
3185,1.0,3187
3186,0.0,3188
3187,0.0,3189
3188,1.0,3190
3189,1.0,3191
3190,1.0,3192
3191,0.0,3193
3192,0.0,3194
3193,0.0,3195
3194,0.5,3196
3195,1.0,3197
3196,1.0,3198
3197,0.0,3199
3198,0.0,3200
3199,0.0,3201
3200,0.0,3202
3201,0.5,3203
3202,0.0,3204
3203,0.0,3205
3204,1.0,3206
3205,0.0,3207
3206,0.5,3208
3207,0.0,3209
3208,-1.0,3210
3209,1.0,3211
3210,1.0,3212
3211,1.0,3213
3212,-1.0,3214
3213,0.0,3215
3214,0.5,3216
3215,0.0,3217
3216,1.0,3218
3217,-1.0,3219
3218,1.0,3220
3219,1.0,3221
3220,-1.0,3222
3221,0.0,3223
3222,1.0,3224
3223,1.0,3225
3224,0.5,3226
3225,-1.0,3227
3226,0.0,3228
3227,1.0,3229
3228,1.0,3230
3229,0.0,3231
3230,0.0,3232
3231,1.0,3233
3232,0.0,3234
3233,1.0,3235
3234,0.5,3236
3235,-1.0,3237
3236,-1.0,3238
3237,0.5,3239
3238,0.5,3240
3239,0.5,3241
3240,1.0,3242
3241,0.5,3243
3242,0.0,3244
3243,0.0,3245
3244,1.0,3246
3245,0.0,3247
3246,0.5,3248
3247,0.0,3249
3248,0.0,3250
3249,0.0,3251
3250,1.0,3252
3251,-1.0,3253
3252,0.0,3254
3253,1.0,3255
3254,-1.0,3256
3255,0.0,3257
3256,1.0,3258
3257,-1.0,3259
3258,0.0,3260
3259,0.0,3261
3260,0.0,3262
3261,-1.0,3263
3262,1.0,3264
3263,0.5,3265
3264,1.0,3266
3265,0.0,3267
3266,-1.0,3268
3267,-1.0,3269
3268,1.0,3270
3269,-1.0,3271
3270,0.5,3272
3271,1.0,3273
3272,0.5,3274
3273,0.0,3275
3274,0.0,3276
3275,1.0,3277
3276,0.0,3278
3277,1.0,3279
3278,1.0,3280
3279,0.0,3281
3280,0.5,3282
3281,1.0,3283
3282,-1.0,3284
3283,0.0,3285
3284,1.0,3286
3285,-1.0,3287
3286,0.5,3288
3287,1.0,3289
3288,1.0,3290
3289,1.0,3291
3290,0.0,3292
3291,-1.0,3293
3292,-1.0,3294
3293,0.0,3295
3294,1.0,3296
3295,-1.0,3297
3296,-1.0,3298
3297,0.0,3299
3298,0.0,3300
3299,1.0,3301
3300,-1.0,3302
3301,-1.0,3303
3302,1.0,3304
3303,1.0,3305
3304,-1.0,3306
3305,0.5,3307
3306,-1.0,3308
3307,1.0,3309
3308,-1.0,3310
3309,-1.0,3311
3310,1.0,3312
3311,-1.0,3313
3312,1.0,3314
3313,1.0,3315
3314,0.0,3316
3315,0.5,3317
3316,0.0,3318
3317,1.0,3319
3318,1.0,3320
3319,-1.0,3321
3320,0.5,3322
3321,1.0,3323
3322,0.0,3324
3323,0.0,3325
3324,1.0,3326
3325,0.0,3327
3326,1.0,3328
3327,0.0,3329
3328,0.5,3330
3329,0.0,3331
3330,0.5,3332
3331,-1.0,3333
3332,-1.0,3334
3333,1.0,3335
3334,1.0,3336
3335,1.0,3337
3336,0.0,3338
3337,0.0,3339
3338,-1.0,3340
3339,1.0,3341
3340,-1.0,3342
3341,1.0,3343
3342,0.0,3344
3343,1.0,3345
3344,1.0,3346
3345,0.5,3347
3346,-1.0,3348
3347,1.0,3349
3348,1.0,3350
3349,1.0,3351
3350,0.0,3352
3351,-1.0,3353
3352,1.0,3354
3353,0.0,3355
3354,1.0,3356
3355,1.0,3357
3356,0.0,3358
3357,1.0,3359
3358,1.0,3360
3359,1.0,3361
3360,0.0,3362
3361,-1.0,3363
3362,1.0,3364
3363,0.0,3365
3364,0.0,3366
3365,1.0,3367
3366,1.0,3368
3367,1.0,3369
3368,1.0,3370
3369,0.5,3371
3370,0.5,3372
3371,0.5,3373
3372,-1.0,3374
3373,-1.0,3375
3374,1.0,3376
3375,1.0,3377
3376,0.5,3378
3377,0.0,3379
3378,-1.0,3380
3379,0.0,3381
3380,0.0,3382
3381,0.5,3383
3382,0.0,3384
3383,1.0,3385
3384,1.0,3386
3385,-1.0,3387
3386,0.0,3388
3387,1.0,3389
3388,0.0,3390
3389,0.0,3391
3390,1.0,3392
3391,0.0,3393
3392,0.5,3394
3393,0.0,3395
3394,1.0,3396
3395,0.0,3397
3396,1.0,3398
3397,0.0,3399
3398,1.0,3400
3399,0.0,3401
3400,-1.0,3402
3401,0.0,3403
3402,0.0,3404
3403,1.0,3405
3404,0.0,3406
3405,1.0,3407
3406,1.0,3408
3407,0.5,3409
3408,1.0,3410
3409,0.0,3411
3410,-1.0,3412
3411,0.5,3413
3412,0.5,3414
3413,0.5,3415
3414,1.0,3416
3415,-1.0,3417
3416,0.0,3418
3417,1.0,3419
3418,1.0,3420
3419,0.5,3421
3420,1.0,3422
3421,1.0,3423
3422,0.5,3424
3423,1.0,3425
3424,1.0,3426
3425,1.0,3427
3426,1.0,3428
3427,0.0,3429
3428,1.0,3430
3429,1.0,3431
3430,1.0,3432
3431,0.5,3433
3432,-1.0,3434
3433,1.0,3435
3434,0.0,3436
3435,-1.0,3437
3436,-1.0,3438
3437,0.0,3439
3438,0.0,3440
3439,0.5,3441
3440,-1.0,3442
3441,1.0,3443
3442,1.0,3444
3443,0.0,3445
3444,1.0,3446
3445,0.5,3447
3446,1.0,3448
3447,0.0,3449
3448,0.5,3450
3449,1.0,3451
3450,0.0,3452
3451,0.5,3453
3452,0.0,3454
3453,1.0,3455
3454,0.0,3456
3455,1.0,3457
3456,1.0,3458
3457,-1.0,3459
3458,0.5,3460
3459,-1.0,3461
3460,0.0,3462
3461,0.0,3463
3462,1.0,3464
3463,0.0,3465
3464,1.0,3466
3465,1.0,3467
3466,-1.0,3468
3467,-1.0,3469
3468,0.5,3470
3469,-1.0,3471
3470,0.5,3472
3471,0.5,3473
3472,0.5,3474
3473,-1.0,3475
3474,0.0,3476
3475,0.0,3477
3476,1.0,3478
3477,0.5,3479
3478,-1.0,3480
3479,-1.0,3481
3480,0.5,3482
3481,1.0,3483
3482,0.0,3484
3483,0.5,3485
3484,0.0,3486
3485,-1.0,3487
3486,0.5,3488
3487,0.0,3489
3488,0.0,3490
3489,0.0,3491
3490,0.0,3492
3491,1.0,3493
3492,0.0,3494
3493,1.0,3495
3494,-1.0,3496
3495,1.0,3497
3496,0.5,3498
3497,0.0,3499
3498,0.0,3500
3499,0.0,3501
3500,-1.0,3502
3501,0.0,3503
3502,0.0,3504
3503,0.5,3505
3504,0.5,3506
3505,1.0,3507
3506,1.0,3508
3507,0.0,3509
3508,1.0,3510
3509,1.0,3511
3510,1.0,3512
3511,0.0,3513
3512,0.0,3514
3513,0.5,3515
3514,1.0,3516
3515,1.0,3517
3516,-1.0,3518
3517,-1.0,3519
3518,0.0,3520
3519,-1.0,3521
3520,0.5,3522
3521,-1.0,3523
3522,1.0,3524
3523,-1.0,3525
3524,-1.0,3526
3525,-1.0,3527
3526,1.0,3528
3527,1.0,3529
3528,0.5,3530
3529,-1.0,3531
3530,-1.0,3532
3531,1.0,3533
3532,1.0,3534
3533,0.0,3535
3534,0.0,3536
3535,0.5,3537
3536,0.5,3538
3537,-1.0,3539
3538,1.0,3540
3539,1.0,3541
3540,1.0,3542
3541,0.5,3543
3542,0.0,3544
3543,-1.0,3545
3544,1.0,3546
3545,0.0,3547
3546,-1.0,3548
3547,1.0,3549
3548,1.0,3550
3549,0.0,3551
3550,1.0,3552
3551,1.0,3553
3552,0.0,3554
3553,1.0,3555
3554,1.0,3556
3555,0.0,3557
3556,-1.0,3558
3557,0.0,3559
3558,1.0,3560
3559,-1.0,3561
3560,1.0,3562
3561,0.5,3563
3562,-1.0,3564
3563,1.0,3565
3564,0.0,3566
3565,-1.0,3567
3566,1.0,3568
3567,1.0,3569
3568,1.0,3570
3569,1.0,3571
3570,0.5,3572
3571,-1.0,3573
3572,0.0,3574
3573,1.0,3575
3574,1.0,3576
3575,1.0,3577
3576,0.5,3578
3577,0.0,3579
3578,0.5,3580
3579,1.0,3581
3580,0.5,3582
3581,0.5,3583
3582,1.0,3584
3583,-1.0,3585
3584,1.0,3586
3585,0.0,3587
3586,0.0,3588
3587,0.0,3589
3588,0.5,3590
3589,1.0,3591
3590,1.0,3592
3591,0.0,3593
3592,-1.0,3594
3593,0.0,3595
3594,0.0,3596
3595,0.0,3597
3596,0.5,3598
3597,-1.0,3599
3598,-1.0,3600
3599,0.0,3601
3600,0.5,3602
3601,1.0,3603
3602,1.0,3604
3603,0.5,3605
3604,0.5,3606
3605,0.5,3607
3606,0.0,3608
3607,1.0,3609
3608,1.0,3610
3609,1.0,3611
3610,1.0,3612
3611,0.0,3613
3612,1.0,3614
3613,1.0,3615
3614,0.0,3616
3615,-1.0,3617
3616,0.0,3618
3617,0.5,3619
3618,-1.0,3620
3619,1.0,3621
3620,1.0,3622
3621,0.5,3623
3622,0.0,3624
3623,1.0,3625
3624,-1.0,3626
3625,-1.0,3627
3626,1.0,3628
3627,1.0,3629
3628,0.0,3630
3629,1.0,3631
3630,0.5,3632
3631,-1.0,3633
3632,1.0,3634
3633,0.5,3635
3634,0.5,3636
3635,0.0,3637
3636,-1.0,3638
3637,0.0,3639
3638,0.0,3640
3639,-1.0,3641
3640,0.5,3642
3641,1.0,3643
3642,-1.0,3644
3643,0.5,3645
3644,-1.0,3646
3645,1.0,3647
3646,-1.0,3648
3647,-1.0,3649
3648,0.0,3650
3649,0.0,3651
3650,-1.0,3652
3651,1.0,3653
3652,1.0,3654
3653,0.0,3655
3654,0.5,3656
3655,1.0,3657
3656,1.0,3658
3657,1.0,3659
3658,0.5,3660
3659,0.0,3661
3660,1.0,3662
3661,0.0,3663
3662,1.0,3664
3663,0.5,3665
3664,0.5,3666
3665,0.0,3667
3666,-1.0,3668
3667,-1.0,3669
3668,1.0,3670
3669,0.0,3671
3670,0.0,3672
3671,-1.0,3673
3672,0.0,3674
3673,0.0,3675
3674,0.0,3676
3675,0.0,3677
3676,-1.0,3678
3677,0.5,3679
3678,0.0,3680
3679,0.0,3681
3680,0.5,3682
3681,1.0,3683
3682,0.5,3684
3683,0.0,3685
3684,1.0,3686
3685,-1.0,3687
3686,0.0,3688
3687,-1.0,3689
3688,1.0,3690
3689,1.0,3691
3690,1.0,3692
3691,0.0,3693
3692,0.5,3694
3693,1.0,3695
3694,0.0,3696
3695,0.5,3697
3696,-1.0,3698
3697,1.0,3699
3698,0.5,3700
3699,0.5,3701
3700,1.0,3702
3701,1.0,3703
3702,0.0,3704
3703,0.0,3705
3704,0.0,3706
3705,0.5,3707
3706,0.0,3708
3707,0.5,3709
3708,0.0,3710
3709,1.0,3711
3710,0.0,3712
3711,1.0,3713
3712,0.5,3714
3713,0.0,3715
3714,-1.0,3716
3715,1.0,3717
3716,1.0,3718
3717,1.0,3719
3718,1.0,3720
3719,1.0,3721
3720,0.0,3722
3721,-1.0,3723
3722,-1.0,3724
3723,-1.0,3725
3724,0.0,3726
3725,1.0,3727
3726,0.0,3728
3727,0.0,3729
3728,1.0,3730
3729,0.5,3731
3730,1.0,3732
3731,1.0,3733
3732,0.0,3734
3733,1.0,3735
3734,-1.0,3736
3735,1.0,3737
3736,0.0,3738
3737,1.0,3739
3738,0.5,3740
3739,0.5,3741
3740,0.0,3742
3741,0.0,3743
3742,1.0,3744
3743,-1.0,3745
3744,1.0,3746
3745,0.5,3747
3746,0.0,3748
3747,1.0,3749
3748,0.5,3750
3749,-1.0,3751
3750,1.0,3752
3751,0.5,3753
3752,0.0,3754
3753,1.0,3755
3754,0.5,3756
3755,0.0,3757
3756,0.5,3758
3757,1.0,3759
3758,1.0,3760
3759,0.0,3761
3760,0.0,3762
3761,0.5,3763
3762,1.0,3764
3763,-1.0,3765
3764,-1.0,3766
3765,0.0,3767
3766,1.0,3768
3767,1.0,3769
3768,-1.0,3770
3769,0.0,3771
3770,0.5,3772
3771,1.0,3773
3772,0.5,3774
3773,0.5,3775
3774,0.5,3776
3775,1.0,3777
3776,-1.0,3778
3777,1.0,3779
3778,0.0,3780
3779,-1.0,3781
3780,1.0,3782
3781,1.0,3783
3782,-1.0,3784
3783,1.0,3785
3784,1.0,3786
3785,-1.0,3787
3786,-1.0,3788
3787,1.0,3789
3788,-1.0,3790
3789,0.0,3791
3790,0.0,3792
3791,0.0,3793
3792,0.5,3794
3793,0.5,3795
3794,0.5,3796
3795,1.0,3797
3796,1.0,3798
3797,0.5,3799
3798,1.0,3800
3799,-1.0,3801
3800,-1.0,3802
3801,0.0,3803
3802,1.0,3804
3803,0.0,3805
3804,-1.0,3806
3805,-1.0,3807
3806,-1.0,3808
3807,1.0,3809
3808,0.5,3810
3809,1.0,3811
3810,0.0,3812
3811,-1.0,3813
3812,0.0,3814
3813,1.0,3815
3814,0.0,3816
3815,-1.0,3817
3816,1.0,3818
3817,1.0,3819
3818,1.0,3820
3819,1.0,3821
3820,1.0,3822
3821,-1.0,3823
3822,0.0,3824
3823,0.5,3825
3824,1.0,3826
3825,1.0,3827
3826,0.5,3828
3827,-1.0,3829
3828,1.0,3830
3829,1.0,3831
3830,0.0,3832
3831,0.5,3833
3832,0.5,3834
3833,1.0,3835
3834,1.0,3836
3835,1.0,3837
3836,-1.0,3838
3837,-1.0,3839
3838,-1.0,3840
3839,0.0,3841
3840,1.0,3842
3841,1.0,3843
3842,1.0,3844
3843,1.0,3845
3844,1.0,3846
3845,0.0,3847
3846,0.5,3848
3847,1.0,3849
3848,-1.0,3850
3849,0.0,3851
3850,0.0,3852
3851,0.0,3853
3852,0.0,3854
3853,-1.0,3855
3854,1.0,3856
3855,1.0,3857
3856,0.5,3858
3857,0.5,3859
3858,0.0,3860
3859,0.5,3861
3860,-1.0,3862
3861,-1.0,3863
3862,1.0,3864
3863,0.5,3865
3864,-1.0,3866
3865,0.0,3867
3866,1.0,3868
3867,0.0,3869
3868,1.0,3870
3869,0.5,3871
3870,-1.0,3872
3871,0.0,3873
3872,0.0,3874
3873,1.0,3875
3874,0.0,3876
3875,-1.0,3877
3876,1.0,3878
3877,0.5,3879
3878,0.5,3880
3879,1.0,3881
3880,0.0,3882
3881,0.0,3883
3882,0.0,3884
3883,0.5,3885
3884,0.0,3886
3885,0.5,3887
3886,1.0,3888
3887,0.0,3889
3888,-1.0,3890
3889,1.0,3891
3890,0.5,3892
3891,-1.0,3893
3892,-1.0,3894
3893,0.0,3895
3894,0.0,3896
3895,0.0,3897
3896,0.5,3898
3897,0.0,3899
3898,0.5,3900
3899,-1.0,3901
3900,0.0,3902
3901,1.0,3903
3902,1.0,3904
3903,1.0,3905
3904,1.0,3906
3905,0.0,3907
3906,0.5,3908
3907,1.0,3909
3908,1.0,3910
3909,1.0,3911
3910,0.0,3912
3911,0.5,3913
3912,1.0,3914
3913,-1.0,3915
3914,0.0,3916
3915,1.0,3917
3916,0.0,3918
3917,1.0,3919
3918,1.0,3920
3919,1.0,3921
3920,1.0,3922
3921,0.5,3923
3922,1.0,3924
3923,-1.0,3925
3924,0.0,3926
3925,-1.0,3927
3926,1.0,3928
3927,-1.0,3929
3928,-1.0,3930
3929,0.0,3931
3930,1.0,3932
3931,1.0,3933
3932,0.0,3934
3933,1.0,3935
3934,0.0,3936
3935,-1.0,3937
3936,1.0,3938
3937,1.0,3939
3938,0.5,3940
3939,0.5,3941
3940,1.0,3942
3941,0.5,3943
3942,-1.0,3944
3943,-1.0,3945
3944,0.5,3946
3945,0.0,3947
3946,1.0,3948
3947,1.0,3949
3948,0.5,3950
3949,-1.0,3951
3950,1.0,3952
3951,-1.0,3953
3952,1.0,3954
3953,-1.0,3955
3954,0.5,3956
3955,-1.0,3957
3956,1.0,3958
3957,0.5,3959
3958,-1.0,3960
3959,1.0,3961
3960,-1.0,3962
3961,0.5,3963
3962,1.0,3964
3963,1.0,3965
3964,-1.0,3966
3965,1.0,3967
3966,-1.0,3968
3967,0.5,3969
3968,0.0,3970
3969,0.0,3971
3970,0.5,3972
3971,1.0,3973
3972,0.0,3974
3973,0.0,3975
3974,0.0,3976
3975,-1.0,3977
3976,-1.0,3978
3977,0.0,3979
3978,1.0,3980
3979,0.0,3981
3980,0.5,3982
3981,1.0,3983
3982,0.0,3984
3983,-1.0,3985
3984,1.0,3986
3985,-1.0,3987
3986,0.0,3988
3987,1.0,3989
3988,1.0,3990
3989,-1.0,3991
3990,0.5,3992
3991,1.0,3993
3992,0.0,3994
3993,1.0,3995
3994,-1.0,3996
3995,1.0,3997
3996,0.0,3998
3997,1.0,3999
3998,1.0,4000
3999,1.0,4001
4000,1.0,4002
4001,1.0,4003
4002,0.0,4004
4003,1.0,4005
4004,-1.0,4006
4005,1.0,4007
4006,0.5,4008
4007,0.5,4009
4008,1.0,4010
4009,-1.0,4011
4010,0.0,4012
4011,0.5,4013
4012,1.0,4014
4013,1.0,4015
4014,1.0,4016
4015,0.0,4017
4016,1.0,4018
4017,1.0,4019
4018,0.0,4020
4019,-1.0,4021
4020,-1.0,4022
4021,0.0,4023
4022,1.0,4024
4023,1.0,4025
4024,0.5,4026
4025,-1.0,4027
4026,1.0,4028
4027,0.5,4029
4028,1.0,4030
4029,0.0,4031
4030,0.5,4032
4031,1.0,4033
4032,0.0,4034
4033,0.0,4035
4034,1.0,4036
4035,0.0,4037
4036,0.5,4038
4037,-1.0,4039
4038,-1.0,4040
4039,-1.0,4041
4040,1.0,4042
4041,1.0,4043
4042,0.0,4044
4043,1.0,4045
4044,1.0,4046
4045,1.0,4047
4046,0.0,4048
4047,-1.0,4049
4048,0.5,4050
4049,0.0,4051
4050,0.0,4052
4051,1.0,4053
4052,1.0,4054
4053,-1.0,4055
4054,0.5,4056
4055,1.0,4057
4056,-1.0,4058
4057,0.5,4059
4058,0.0,4060
4059,1.0,4061
4060,-1.0,4062
4061,0.0,4063
4062,0.0,4064
4063,1.0,4065
4064,0.0,4066
4065,0.0,4067
4066,1.0,4068
4067,1.0,4069
4068,-1.0,4070
4069,1.0,4071
4070,-1.0,4072
4071,0.0,4073
4072,-1.0,4074
4073,1.0,4075
4074,1.0,4076
4075,1.0,4077
4076,0.0,4078
4077,-1.0,4079
4078,0.0,4080
4079,-1.0,4081
4080,0.0,4082
4081,0.0,4083
4082,0.0,4084
4083,1.0,4085
4084,-1.0,4086
4085,-1.0,4087
4086,-1.0,4088
4087,0.0,4089
4088,0.0,4090
4089,1.0,4091
4090,1.0,4092
4091,0.0,4093
4092,-1.0,4094
4093,0.5,4095
4094,1.0,4096
4095,0.0,4097
4096,-1.0,4098
4097,0.5,4099
4098,0.5,4100
4099,0.5,4101
4100,0.0,4102
4101,1.0,4103
4102,-1.0,4104
4103,0.5,4105
4104,0.5,4106
4105,-1.0,4107
4106,0.5,4108
4107,0.5,4109
4108,1.0,4110
4109,1.0,4111
4110,1.0,4112
4111,1.0,4113
4112,1.0,4114
4113,0.0,4115
4114,1.0,4116
4115,0.0,4117
4116,1.0,4118
4117,1.0,4119
4118,0.0,4120
4119,1.0,4121
4120,1.0,4122
4121,0.0,4123
4122,1.0,4124
4123,0.0,4125
4124,1.0,4126
4125,-1.0,4127
4126,1.0,4128
4127,0.5,4129
4128,1.0,4130
4129,0.5,4131
4130,1.0,4132
4131,0.0,4133
4132,0.5,4134
4133,1.0,4135
4134,1.0,4136
4135,0.0,4137
4136,0.0,4138
4137,0.0,4139
4138,0.5,4140
4139,1.0,4141
4140,0.5,4142
4141,1.0,4143
4142,-1.0,4144
4143,0.5,4145
4144,-1.0,4146
4145,0.5,4147
4146,1.0,4148
4147,1.0,4149
4148,1.0,4150
4149,0.5,4151
4150,0.5,4152
4151,1.0,4153
4152,-1.0,4154
4153,0.5,4155
4154,0.0,4156
4155,1.0,4157
4156,-1.0,4158
4157,-1.0,4159
4158,0.0,4160
4159,1.0,4161
4160,0.0,4162
4161,0.0,4163
4162,1.0,4164
4163,-1.0,4165
4164,-1.0,4166
4165,0.0,4167
4166,1.0,4168
4167,0.0,4169
4168,-1.0,4170
4169,0.5,4171
4170,-1.0,4172
4171,1.0,4173
4172,-1.0,4174
4173,0.0,4175
4174,0.0,4176
4175,0.5,4177
4176,0.0,4178
4177,1.0,4179
4178,-1.0,4180
4179,1.0,4181
4180,1.0,4182
4181,1.0,4183
4182,1.0,4184
4183,1.0,4185
4184,1.0,4186
4185,1.0,4187
4186,0.5,4188
4187,1.0,4189
4188,-1.0,4190
4189,-1.0,4191
4190,1.0,4192
4191,1.0,4193
4192,0.5,4194
4193,-1.0,4195
4194,0.0,4196
4195,0.5,4197
4196,1.0,4198
4197,-1.0,4199
4198,-1.0,4200
4199,0.5,4201
4200,1.0,4202
4201,-1.0,4203
4202,1.0,4204
4203,0.0,4205
4204,1.0,4206
4205,1.0,4207
4206,1.0,4208
4207,1.0,4209
4208,1.0,4210
4209,0.0,4211
4210,-1.0,4212
4211,0.5,4213
4212,1.0,4214
4213,1.0,4215
4214,0.5,4216
4215,0.5,4217
4216,-1.0,4218
4217,-1.0,4219
4218,0.0,4220
4219,1.0,4221
4220,0.0,4222
4221,-1.0,4223
4222,1.0,4224
4223,0.5,4225
4224,0.5,4226
4225,1.0,4227
4226,0.0,4228
4227,0.5,4229
4228,0.0,4230
4229,0.5,4231
4230,-1.0,4232
4231,1.0,4233
4232,-1.0,4234
4233,0.5,4235
4234,1.0,4236
4235,-1.0,4237
4236,1.0,4238
4237,0.0,4239
4238,0.0,4240
4239,0.0,4241
4240,0.5,4242
4241,1.0,4243
4242,0.0,4244
4243,1.0,4245
4244,1.0,4246
4245,0.5,4247
4246,1.0,4248
4247,-1.0,4249
4248,1.0,4250
4249,0.0,4251
4250,0.0,4252
4251,1.0,4253
4252,1.0,4254
4253,-1.0,4255
4254,1.0,4256
4255,0.0,4257
4256,1.0,4258
4257,0.5,4259
4258,0.0,4260
4259,0.5,4261
4260,0.0,4262
4261,1.0,4263
4262,0.0,4264
4263,0.0,4265
4264,-1.0,4266
4265,1.0,4267
4266,1.0,4268
4267,-1.0,4269
4268,-1.0,4270
4269,0.0,4271
4270,-1.0,4272
4271,1.0,4273
4272,1.0,4274
4273,0.0,4275
4274,-1.0,4276
4275,-1.0,4277
4276,1.0,4278
4277,1.0,4279
4278,1.0,4280
4279,-1.0,4281
4280,-1.0,4282
4281,0.0,4283
4282,0.0,4284
4283,1.0,4285
4284,1.0,4286
4285,0.0,4287
4286,0.5,4288
4287,0.0,4289
4288,-1.0,4290
4289,0.0,4291
4290,-1.0,4292
4291,0.0,4293
4292,1.0,4294
4293,1.0,4295
4294,1.0,4296
4295,0.0,4297
4296,0.0,4298
4297,-1.0,4299
4298,1.0,4300
4299,1.0,4301
4300,0.0,4302
4301,0.5,4303
4302,0.5,4304
4303,0.5,4305
4304,-1.0,4306
4305,-1.0,4307
4306,0.0,4308
4307,0.0,4309
4308,1.0,4310
4309,0.5,4311
4310,0.0,4312
4311,0.5,4313
4312,1.0,4314
4313,-1.0,4315
4314,0.0,4316
4315,0.5,4317
4316,-1.0,4318
4317,0.0,4319
4318,0.0,4320
4319,1.0,4321
4320,-1.0,4322
4321,-1.0,4323
4322,-1.0,4324
4323,1.0,4325
4324,1.0,4326
4325,1.0,4327
4326,-1.0,4328
4327,-1.0,4329
4328,0.0,4330
4329,1.0,4331
4330,0.0,4332
4331,1.0,4333
4332,0.5,4334
4333,1.0,4335
4334,-1.0,4336
4335,-1.0,4337
4336,1.0,4338
4337,0.0,4339
4338,1.0,4340
4339,-1.0,4341
4340,1.0,4342
4341,0.0,4343
4342,-1.0,4344
4343,0.0,4345
4344,1.0,4346
4345,-1.0,4347
4346,1.0,4348
4347,-1.0,4349
4348,0.0,4350
4349,0.0,4351
4350,0.5,4352
4351,1.0,4353
4352,1.0,4354
4353,0.0,4355
4354,1.0,4356
4355,0.0,4357
4356,1.0,4358
4357,-1.0,4359
4358,1.0,4360
4359,-1.0,4361
4360,1.0,4362
4361,0.0,4363
4362,1.0,4364
4363,1.0,4365
4364,-1.0,4366
4365,1.0,4367
4366,-1.0,4368
4367,1.0,4369
4368,0.5,4370
4369,1.0,4371
4370,1.0,4372
4371,1.0,4373
4372,0.5,4374
4373,-1.0,4375
4374,1.0,4376
4375,0.0,4377
4376,0.0,4378
4377,-1.0,4379
4378,1.0,4380
4379,0.0,4381
4380,0.0,4382
4381,1.0,4383
4382,0.0,4384
4383,1.0,4385
4384,1.0,4386
4385,1.0,4387
4386,0.5,4388
4387,1.0,4389
4388,-1.0,4390
4389,0.0,4391
4390,1.0,4392
4391,-1.0,4393
4392,1.0,4394
4393,1.0,4395
4394,1.0,4396
4395,1.0,4397
4396,0.0,4398
4397,-1.0,4399
4398,1.0,4400
4399,1.0,4401
4400,-1.0,4402
4401,0.0,4403
4402,0.0,4404
4403,-1.0,4405
4404,1.0,4406
4405,1.0,4407
4406,-1.0,4408
4407,1.0,4409
4408,-1.0,4410
4409,-1.0,4411
4410,1.0,4412
4411,-1.0,4413
4412,1.0,4414
4413,1.0,4415
4414,0.0,4416
4415,-1.0,4417
4416,0.0,4418
4417,1.0,4419
4418,1.0,4420
4419,0.5,4421
4420,0.0,4422
4421,1.0,4423
4422,0.0,4424
4423,0.5,4425
4424,0.0,4426
4425,-1.0,4427
4426,0.0,4428
4427,0.0,4429
4428,-1.0,4430
4429,1.0,4431
4430,1.0,4432
4431,0.5,4433
4432,0.5,4434
4433,-1.0,4435
4434,1.0,4436
4435,1.0,4437
4436,1.0,4438
4437,1.0,4439
4438,0.0,4440
4439,1.0,4441
4440,0.5,4442
4441,-1.0,4443
4442,0.5,4444
4443,0.5,4445
4444,0.5,4446
4445,0.0,4447
4446,1.0,4448
4447,1.0,4449
4448,0.5,4450
4449,-1.0,4451
4450,-1.0,4452
4451,-1.0,4453
4452,0.0,4454
4453,0.5,4455
4454,1.0,4456
4455,0.0,4457
4456,0.0,4458
4457,1.0,4459
4458,-1.0,4460
4459,0.5,4461
4460,1.0,4462
4461,1.0,4463
4462,-1.0,4464
4463,0.0,4465
4464,0.0,4466
4465,0.5,4467
4466,0.0,4468
4467,1.0,4469
4468,0.0,4470
4469,1.0,4471
4470,1.0,4472
4471,1.0,4473
4472,1.0,4474
4473,-1.0,4475
4474,1.0,4476
4475,1.0,4477
4476,1.0,4478
4477,-1.0,4479
4478,1.0,4480
4479,1.0,4481
4480,1.0,4482
4481,0.5,4483
4482,1.0,4484
4483,-1.0,4485
4484,0.5,4486
4485,1.0,4487
4486,0.0,4488
4487,0.0,4489
4488,-1.0,4490
4489,-1.0,4491
4490,-1.0,4492
4491,0.0,4493
4492,1.0,4494
4493,1.0,4495
4494,1.0,4496
4495,-1.0,4497
4496,-1.0,4498
4497,0.0,4499
4498,1.0,4500
4499,1.0,4501
4500,0.5,4502
4501,1.0,4503
4502,0.5,4504
4503,1.0,4505
4504,0.0,4506
4505,-1.0,4507
4506,0.0,4508
4507,1.0,4509
4508,1.0,4510
4509,-1.0,4511
4510,-1.0,4512
4511,-1.0,4513
4512,-1.0,4514
4513,0.0,4515
4514,-1.0,4516
4515,0.5,4517
4516,1.0,4518
4517,0.0,4519
4518,0.0,4520
4519,0.0,4521
4520,0.0,4522
4521,-1.0,4523
4522,1.0,4524
4523,-1.0,4525
4524,0.5,4526
4525,0.5,4527
4526,-1.0,4528
4527,0.5,4529
4528,-1.0,4530
4529,1.0,4531
4530,0.0,4532
4531,1.0,4533
4532,-1.0,4534
4533,0.0,4535
4534,1.0,4536
4535,1.0,4537
4536,1.0,4538
4537,0.5,4539
4538,0.0,4540
4539,0.0,4541
4540,0.0,4542
4541,0.5,4543
4542,0.0,4544
4543,1.0,4545
4544,1.0,4546
4545,0.0,4547
4546,-1.0,4548
4547,-1.0,4549
4548,1.0,4550
4549,0.5,4551
4550,1.0,4552
4551,0.0,4553
4552,0.0,4554
4553,0.5,4555
4554,0.0,4556
4555,0.5,4557
4556,0.5,4558
4557,1.0,4559
4558,-1.0,4560
4559,1.0,4561
4560,-1.0,4562
4561,0.0,4563
4562,-1.0,4564
4563,1.0,4565
4564,1.0,4566
4565,1.0,4567
4566,-1.0,4568
4567,0.5,4569
4568,0.5,4570
4569,-1.0,4571
4570,1.0,4572
4571,0.5,4573
4572,0.0,4574
4573,1.0,4575
4574,0.5,4576
4575,1.0,4577
4576,1.0,4578
4577,0.0,4579
4578,0.0,4580
4579,-1.0,4581
4580,1.0,4582
4581,1.0,4583
4582,-1.0,4584
4583,1.0,4585
4584,-1.0,4586
4585,0.5,4587
4586,-1.0,4588
4587,0.0,4589
4588,-1.0,4590
4589,0.0,4591
4590,1.0,4592
4591,0.5,4593
4592,0.0,4594
4593,0.0,4595
4594,0.0,4596
4595,1.0,4597
4596,1.0,4598
4597,0.5,4599
4598,-1.0,4600
4599,1.0,4601
4600,0.5,4602
4601,1.0,4603
4602,1.0,4604
4603,0.0,4605
4604,1.0,4606
4605,0.5,4607
4606,0.0,4608
4607,1.0,4609
4608,0.5,4610
4609,1.0,4611
4610,0.0,4612
4611,0.0,4613
4612,1.0,4614
4613,0.5,4615
4614,1.0,4616
4615,-1.0,4617
4616,1.0,4618
4617,-1.0,4619
4618,1.0,4620
4619,0.5,4621
4620,-1.0,4622
4621,0.0,4623
4622,0.0,4624
4623,-1.0,4625
4624,0.5,4626
4625,0.5,4627
4626,0.5,4628
4627,0.0,4629
4628,1.0,4630
4629,-1.0,4631
4630,1.0,4632
4631,0.5,4633
4632,1.0,4634
4633,1.0,4635
4634,1.0,4636
4635,0.5,4637
4636,0.5,4638
4637,0.0,4639
4638,0.0,4640
4639,1.0,4641
4640,0.5,4642
4641,1.0,4643
4642,0.0,4644
4643,-1.0,4645
4644,0.0,4646
4645,0.0,4647
4646,0.0,4648
4647,1.0,4649
4648,0.0,4650
4649,1.0,4651
4650,-1.0,4652
4651,0.5,4653
4652,0.5,4654
4653,0.5,4655
4654,1.0,4656
4655,0.0,4657
4656,1.0,4658
4657,1.0,4659
4658,0.0,4660
4659,0.0,4661
4660,0.0,4662
4661,1.0,4663
4662,0.0,4664
4663,1.0,4665
4664,0.5,4666
4665,1.0,4667
4666,0.5,4668
4667,1.0,4669
4668,0.5,4670
4669,-1.0,4671
4670,1.0,4672
4671,0.0,4673
4672,1.0,4674
4673,1.0,4675
4674,1.0,4676
4675,0.5,4677
4676,1.0,4678
4677,0.0,4679
4678,1.0,4680
4679,-1.0,4681
4680,-1.0,4682
4681,0.0,4683
4682,0.5,4684
4683,0.5,4685
4684,0.0,4686
4685,0.0,4687
4686,0.0,4688
4687,1.0,4689
4688,0.5,4690
4689,1.0,4691
4690,-1.0,4692
4691,-1.0,4693
4692,1.0,4694
4693,1.0,4695
4694,1.0,4696
4695,1.0,4697
4696,0.5,4698
4697,0.0,4699
4698,0.5,4700
4699,1.0,4701
4700,0.0,4702
4701,0.0,4703
4702,1.0,4704
4703,0.0,4705
4704,0.0,4706
4705,1.0,4707
4706,0.0,4708
4707,0.5,4709
4708,1.0,4710
4709,-1.0,4711
4710,0.5,4712
4711,1.0,4713
4712,0.5,4714
4713,0.0,4715
4714,-1.0,4716
4715,0.0,4717
4716,0.0,4718
4717,0.0,4719
4718,0.5,4720
4719,-1.0,4721
4720,0.5,4722
4721,1.0,4723
4722,1.0,4724
4723,0.0,4725
4724,0.5,4726
4725,0.5,4727
4726,-1.0,4728
4727,0.5,4729
4728,0.0,4730
4729,0.0,4731
4730,1.0,4732
4731,1.0,4733
4732,-1.0,4734
4733,1.0,4735
4734,1.0,4736
4735,0.0,4737
4736,0.0,4738
4737,0.5,4739
4738,-1.0,4740
4739,0.5,4741
4740,0.0,4742
4741,-1.0,4743
4742,1.0,4744
4743,0.0,4745
4744,0.5,4746
4745,0.0,4747
4746,0.0,4748
4747,1.0,4749
4748,0.0,4750
4749,1.0,4751
4750,1.0,4752
4751,0.0,4753
4752,0.0,4754
4753,0.5,4755
4754,0.5,4756
4755,0.5,4757
4756,-1.0,4758
4757,1.0,4759
4758,1.0,4760
4759,1.0,4761
4760,1.0,4762
4761,1.0,4763
4762,1.0,4764
4763,0.0,4765
4764,1.0,4766
4765,-1.0,4767
4766,1.0,4768
4767,1.0,4769
4768,0.5,4770
4769,-1.0,4771
4770,0.0,4772
4771,0.5,4773
4772,0.0,4774
4773,1.0,4775
4774,0.0,4776
4775,0.0,4777
4776,0.5,4778
4777,0.0,4779
4778,1.0,4780
4779,0.5,4781
4780,1.0,4782
4781,0.5,4783
4782,0.0,4784
4783,0.0,4785
4784,0.0,4786
4785,0.0,4787
4786,0.0,4788
4787,1.0,4789
4788,-1.0,4790
4789,1.0,4791
4790,1.0,4792
4791,-1.0,4793
4792,0.5,4794
4793,-1.0,4795
4794,0.0,4796
4795,0.5,4797
4796,1.0,4798
4797,1.0,4799
4798,0.0,4800
4799,1.0,4801
4800,0.0,4802
4801,0.0,4803
4802,1.0,4804
4803,1.0,4805
4804,1.0,4806
4805,-1.0,4807
4806,1.0,4808
4807,1.0,4809
4808,0.0,4810
4809,0.0,4811
4810,-1.0,4812
4811,1.0,4813
4812,0.5,4814
4813,0.0,4815
4814,0.5,4816
4815,0.5,4817
4816,0.5,4818
4817,0.5,4819
4818,-1.0,4820
4819,-1.0,4821
4820,0.0,4822
4821,1.0,4823
4822,0.0,4824
4823,0.5,4825
4824,-1.0,4826
4825,-1.0,4827
4826,-1.0,4828
4827,0.5,4829
4828,1.0,4830
4829,0.0,4831
4830,0.5,4832
4831,0.0,4833
4832,1.0,4834
4833,0.0,4835
4834,0.0,4836
4835,0.0,4837
4836,0.5,4838
4837,1.0,4839
4838,0.0,4840
4839,1.0,4841
4840,1.0,4842
4841,0.0,4843
4842,-1.0,4844
4843,0.5,4845
4844,-1.0,4846
4845,1.0,4847
4846,1.0,4848
4847,0.5,4849
4848,0.5,4850
4849,-1.0,4851
4850,1.0,4852
4851,0.5,4853
4852,0.0,4854
4853,1.0,4855
4854,-1.0,4856
4855,1.0,4857
4856,-1.0,4858
4857,1.0,4859
4858,0.0,4860
4859,0.0,4861
4860,0.0,4862
4861,0.0,4863
4862,0.0,4864
4863,0.0,4865
4864,1.0,4866
4865,1.0,4867
4866,1.0,4868
4867,1.0,4869
4868,1.0,4870
4869,1.0,4871
4870,1.0,4872
4871,0.0,4873
4872,0.0,4874
4873,0.0,4875
4874,1.0,4876
4875,0.0,4877
4876,1.0,4878
4877,1.0,4879
4878,-1.0,4880
4879,1.0,4881
4880,0.0,4882
4881,0.0,4883
4882,0.0,4884
4883,1.0,4885
4884,1.0,4886
4885,0.0,4887
4886,-1.0,4888
4887,1.0,4889
4888,0.0,4890
4889,1.0,4891
4890,-1.0,4892
4891,-1.0,4893
4892,-1.0,4894
4893,1.0,4895
4894,0.0,4896
4895,-1.0,4897
4896,1.0,4898
4897,1.0,4899
4898,0.5,4900
4899,1.0,4901
4900,-1.0,4902
4901,0.0,4903
4902,-1.0,4904
4903,1.0,4905
4904,0.0,4906
4905,0.5,4907
4906,1.0,4908
4907,-1.0,4909
4908,1.0,4910
4909,0.5,4911
4910,0.0,4912
4911,1.0,4913
4912,0.5,4914
4913,1.0,4915
4914,1.0,4916
4915,1.0,4917
4916,1.0,4918
4917,0.0,4919
4918,0.0,4920
4919,1.0,4921
4920,1.0,4922
4921,-1.0,4923
4922,-1.0,4924
4923,0.0,4925
4924,-1.0,4926
4925,1.0,4927
4926,0.0,4928
4927,1.0,4929
4928,-1.0,4930
4929,1.0,4931
4930,-1.0,4932
4931,-1.0,4933
4932,0.0,4934
4933,0.5,4935
4934,-1.0,4936
4935,0.0,4937
4936,1.0,4938
4937,0.0,4939
4938,0.0,4940
4939,1.0,4941
4940,1.0,4942
4941,1.0,4943
4942,-1.0,4944
4943,0.5,4945
4944,1.0,4946
4945,0.0,4947
4946,1.0,4948
4947,1.0,4949
4948,0.0,4950
4949,0.5,4951
4950,0.5,4952
4951,0.0,4953
4952,1.0,4954
4953,0.5,4955
4954,0.0,4956
4955,0.0,4957
4956,0.5,4958
4957,0.0,4959
4958,-1.0,4960
4959,0.0,4961
4960,1.0,4962
4961,0.5,4963
4962,-1.0,4964
4963,0.0,4965
4964,0.0,4966
4965,0.5,4967
4966,1.0,4968
4967,1.0,4969
4968,-1.0,4970
4969,0.5,4971
4970,-1.0,4972
4971,1.0,4973
4972,0.5,4974
4973,0.0,4975
4974,1.0,4976
4975,0.0,4977
4976,0.0,4978
4977,0.0,4979
4978,1.0,4980
4979,0.0,4981
4980,1.0,4982
4981,-1.0,4983
4982,1.0,4984
4983,1.0,4985
4984,0.5,4986
4985,1.0,4987
4986,1.0,4988
4987,1.0,4989
4988,-1.0,4990
4989,0.0,4991
4990,0.5,4992
4991,0.0,4993
4992,1.0,4994
4993,1.0,4995
4994,1.0,4996
4995,-1.0,4997
4996,0.5,4998
4997,0.5,4999
4998,0.5,5000
