loss,time_l
0.6044826108190314,1010
0.6293238817464604,1020
0.6375288589746976,1030
0.6499390373506986,1040
0.6248087716176148,1050
0.662196663516638,1060
0.6786872640368794,1070
0.6743905588027521,1080
0.612365288877642,1090
0.6289231482491523,1100
0.6289135067068441,1110
0.6495761570867057,1120
0.6371989411379236,1130
0.6696303252906605,1140
0.6196876728177585,1150
0.5542880232887782,1160
0.6194769715573382,1170
0.6320622576758675,1180
0.5714720765216167,1190
0.5669533793069471,1200
0.5588023428446292,1210
0.5711376434971781,1220
0.5744528702877933,1230
0.5868016674606604,1240
0.6003468015358557,1250
0.695541160052714,1260
0.6083831688705352,1270
0.6747036115492993,1280
0.7040371318724363,1290
0.6832279670640516,1300
0.6998213096331315,1310
0.6130134357073143,1320
0.5707202430033588,1330
0.5788435949976564,1340
0.6164642505646041,1350
0.5706273187158903,1360
0.5965971321183507,1370
0.6038012731450704,1380
0.5797130977132651,1390
0.653853404443997,1400
0.604035238215143,1410
0.5834589574984288,1420
0.6059682654312375,1430
0.5636496840188433,1440
0.6020137613168391,1450
0.5716125337404631,1460
0.5757265201942757,1470
0.5961344675801677,1480
0.5754066107916306,1490
0.5965774463894182,1500
0.5992572545321541,1510
0.5992293220391512,1520
0.6253875957031468,1530
0.58503454093301,1540
0.5851023492125732,1550
0.5996376566262457,1560
0.6049221302862196,1570
0.5993007973842475,1580
0.5969771739176667,1590
0.6379516224963677,1600
0.5954583082747106,1610
0.7697550242366763,1620
0.6818136456577607,1630
0.7586491176807432,1640
0.7904955877583437,1650
0.7513046089325794,1660
0.7528007113208446,1670
0.7170900305698358,1680
0.6033342382320858,1690
0.6033634229724203,1700
0.5891804046749491,1710
0.5666631516807059,1720
0.5935724136432116,1730
0.5259846118472173,1740
0.5334536690069406,1750
0.5557799537010976,1760
0.6868403211729004,1770
0.5979040975515629,1780
0.7035828823753654,1790
0.6905254179606121,1800
0.6868003582774761,1810
0.6882665773275835,1820
0.6863249766021189,1830
0.7039891253504337,1840
0.5764374525167907,1850
0.5773085336155966,1860
0.5904349146260226,1870
0.5416010357541511,1880
0.5452709731336711,1890
0.548490245060674,1900
0.5569150123250052,1910
0.5517493859829143,1920
0.5744351568900121,1930
0.555676872305694,1940
0.5430988770968579,1950
0.5748550669647314,1960
0.5871470461435625,1970
0.6085493925459616,1980
0.5796587274332627,1990
0.6157934043224815,2000
0.6748617639354938,2010
0.6917938906507111,2020
0.6579481232696535,2030
0.6591355921163227,2040
0.6652594988245902,2050
0.671366731618768,2060
0.6882453954965552,2070
0.6552705129528905,2080
0.7094327782058719,2090
0.7158122655942255,2100
0.7015299176105956,2110
0.7049128191415444,2120
0.6931341264019253,2130
0.5975077630929567,2140
0.6362222980499453,2150
0.5928241846208971,2160
0.5633308599220341,2170
0.5731873584337265,2180
0.5637242554707224,2190
0.5891524115033302,2200
0.6216000293858867,2210
0.626184543089687,2220
0.6316796794600724,2230
0.6418765812513012,2240
0.6341961125446283,2250
0.650960049832878,2260
0.6808487192842795,2270
0.6284844674735149,2280
0.6702793861481843,2290
0.666368339189013,2300
0.6706210584428437,2310
0.6906169677697126,2320
0.6688852330144762,2330
0.6976192462322779,2340
0.6162660194925443,2350
0.657917071142301,2360
0.6478449161310309,2370
0.6160127784405677,2380
0.6599545613790203,2390
0.6458689363153207,2400
0.6604836687118988,2410
0.6264627943754177,2420
0.6297630136348155,2430
0.6352738471907671,2440
0.6206956101751433,2450
0.5975491582732351,2460
0.5972539100837648,2470
0.5619745681940237,2480
0.6029687987439908,2490
0.5525770104797595,2500
0.5487352831646634,2510
0.6311431843496808,2520
0.6487433943502242,2530
0.7354481473388153,2540
0.7191158508435632,2550
0.6600626220507143,2560
0.6991316300957923,2570
0.6992507209714479,2580
0.6648110421571666,2590
0.5858581240209529,2600
0.6122243378297204,2610
0.5832845461119166,2620
0.5792455450836478,2630
0.5956077493585633,2640
0.5383362610628143,2650
0.47638407524396936,2660
0.4763188518561453,2670
0.5665307619190678,2680
0.5664693154668691,2690
0.665954189365252,2700
0.7227215368281298,2710
0.6753336398045012,2720
0.6729444390019019,2730
0.63496863009013,2740
0.6849440379701145,2750
0.67205510039322,2760
0.643061588103458,2770
0.6446737424853514,2780
0.6063728507738103,2790
0.6393081152685159,2800
0.6072847943866743,2810
0.682255493887537,2820
0.6154249049056315,2830
0.6156218066186284,2840
0.6363609976505537,2850
0.5948294613311769,2860
0.6499119715475957,2870
0.6116535593864368,2880
0.47655534644036546,2890
0.5223736770048505,2900
0.5564594898921283,2910
0.5225899953482568,2920
0.5721521032099809,2930
0.5926525972711709,2940
0.5849206445798055,2950
0.5720502422773206,2960
0.5848210918945094,2970
0.5601150542352958,2980
0.5755076587196299,2990
0.5760585109920963,3000
0.5337997009080442,3010
0.4999215278292376,3020
0.5203333941686157,3030
0.4880319159228242,3040
0.5084248267582188,3050
0.5376799949776209,3060
0.5358613604468235,3070
0.5223324697516596,3080
0.5626663484339337,3090
0.5865184707805924,3100
0.5580944206672174,3110
0.5360395779072443,3120
0.5635380095007588,3130
0.5346164318606598,3140
0.5470133716503514,3150
0.5803604511226642,3160
0.533103752954034,3170
0.6534648972859264,3180
0.6239022291324353,3190
0.6578404858966971,3200
0.625499042025744,3210
0.662536114598076,3220
0.5554719704994535,3230
0.555442721780019,3240
0.5379496507971121,3250
0.5379153271002902,3260
0.5684297617363018,3270
0.457981956982402,3280
0.5050585711826929,3290
0.5384249799104576,3300
0.5222620101353812,3310
0.6241723802822114,3320
0.5478146929296306,3330
0.6744808833286342,3340
0.6607500107799956,3350
0.6470854919310123,3360
0.6892749865925656,3370
0.6887112872682721,3380
0.6651702678533329,3390
0.6404031334105954,3400
0.6266999800573442,3410
0.6356582350180603,3420
0.559587468940857,3430
0.5728755855335095,3440
0.5267151118383849,3450
0.5881030573063091,3460
0.551239159930947,3470
0.5511406785061206,3480
0.5925294269172887,3490
0.5994529347208285,3500
0.5176055528060411,3510
0.5004087030280302,3520
0.4971394797822239,3530
0.4840869064304297,3540
0.5883917724370126,3550
0.588373236871679,3560
0.617006414655648,3570
0.6006712993746761,3580
0.6325387231957047,3590
0.6677409456499528,3600
0.5895582373122202,3610
0.5764189377382615,3620
0.5986333254691647,3630
0.589360287135763,3640
0.5640219947377144,3650
0.567810102329115,3660
0.5482296054987639,3670
0.6107289879063982,3680
0.6269432332565397,3690
0.5434602922724795,3700
0.5768069813820643,3710
0.4773300796959832,3720
0.4650314246183492,3730
0.5458099165280276,3740
0.49511229911173854,3750
0.5416060099134657,3760
0.5547107246641307,3770
0.541540185672511,3780
0.5831267627959806,3790
0.5918854861920326,3800
0.6185285620362,3810
0.594440274602285,3820
0.6832852711748878,3830
0.6850482086768428,3840
0.6315350247562582,3850
0.6728505738851183,3860
0.6975494987888645,3870
0.6672119412759862,3880
0.6511641334736524,3890
0.5477417309519104,3900
0.5599178996466682,3910
0.5476933717407577,3920
0.4990602948027695,3930
0.4829532507210679,3940
0.5244164417554177,3950
0.6174557605680292,3960
0.6202041133685395,3970
0.6740914841832646,3980
0.6212940948667645,3990
0.7213464647696302,4000
0.6456908905611203,4010
0.6631134601465029,4020
0.6381250097152958,4030
0.6246704699763872,4040
0.6651556601541938,4050
0.6729120268923054,4060
0.6433131705734155,4070
0.638542502694005,4080
0.660398025530998,4090
0.6050459060910697,4100
0.6253065706016347,4110
0.5831583193261382,4120
0.5819611443429753,4130
0.5862959170256504,4140
0.5883715887777273,4150
0.5942746648475546,4160
0.5593204691416721,4170
0.5893179531803299,4180
0.5852612873323461,4190
0.5747160189726249,4200
0.6081437706577115,4210
0.6960186635677504,4220
0.6856750306872342,4230
0.6996234598862999,4240
0.6956708381314811,4250
0.6439386046293208,4260
0.6438035347018304,4270
0.573654655431587,4280
0.5877906602726118,4290
0.6228363242193405,4300
0.5865549681674892,4310
0.6135827706308222,4320
0.5931598561999859,4330
0.6089431343203233,4340
0.5780755738144896,4350
0.6119359379209264,4360
0.5969448857152047,4370
0.6143391126887436,4380
0.6459673840450627,4390
0.6543020982786967,4400
0.6904024665098224,4410
0.7519161323281424,4420
0.7518337245193383,4430
0.6602480499883033,4440
0.6737888847117188,4450
0.6956208760258504,4460
0.6498444389858642,4470
0.5720559584510715,4480
0.5733657834109613,4490
0.665356089578406,4500
0.6495810229782661,4510
0.64924203927005,4520
0.6635540586936156,4530
0.6857851379806038,4540
0.6675506132361142,4550
0.5714279312860595,4560
0.6957275811420874,4570
0.561605345540419,4580
0.5648095823992961,4590
0.5632089352589807,4600
0.5615115433581834,4610
0.6036329133363881,4620
0.5920961514401625,4630
0.6216150546319592,4640
0.607625142264181,4650
0.5641411867034724,4660
0.4966124406836069,4670
0.5497614378781227,4680
0.530078019395617,4690
0.5081017191717508,4700
0.5102588645146579,4710
0.5425835999377805,4720
0.5349505525508869,4730
0.5134925573925907,4740
0.5471341559612252,4750
0.5210644505846065,4760
0.45618793069453967,4770
0.44646602291582327,4780
0.5078955000421729,4790
0.5077263195018773,4800
0.5214900494216285,4810
0.49184489101824624,4820
0.5178795031182368,4830
0.5327361560224646,4840
0.4925651815182089,4850
0.5185839006261653,4860
0.543158192144728,4870
0.5519969258041452,4880
0.549689567961803,4890
0.5700767537372925,4900
0.5280119191178217,4910
0.5338724147165921,4920
0.6170044121323632,4930
0.6507098149793743,4940
0.6946524612888212,4950
0.6461252469694084,4960
0.6631626021467857,4970
0.5473854103946976,4980
0.5307480760965936,4990
